"V1"	"V2"	"V3"	"V4"	"V5"	"V6"	"V7"	"V8"	"V9"	"V10"
"1"	"protein-lipid complex"	153	158	397	584	1571	3241	3307	3508	NA
"2"	"plasma lipoprotein particle"	153	158	397	584	1571	3241	3307	3508	NA
"3"	"cell division site part"	18	245	298	494	571	584	589	1098	3534
"4"	"cleavage furrow"	18	245	298	494	571	584	589	1098	3534
"5"	"cell division site"	18	245	298	494	571	584	589	1098	3534
"6"	"nuclear membrane"	36	44	49	71	76	77	80	153	162
"7"	" 183"	215	291	313	330	383	392	401	432	436
"8"	" 525"	584	606	607	629	813	842	1029	1042	1043
"9"	" 1088"	1098	1784	1798	2051	2533	2696	2949	3241	3243
"10"	" 3307"	3390	3413	3508	3534	3630	3727	3867	3965	4089
"11"	" 4090"	4091	4366	4367	4404	4542	6677	12241	12523	12524
"12"	" 12526"	13385	13386	NA	NA	NA	NA	NA	NA	NA
"13"	"Golgi apparatus part"	1	3	7	15	25	49	52	53	54
"14"	" 60"	80	97	103	134	153	162	163	183	186
"15"	" 191"	238	291	302	309	316	324	330	332	335
"16"	" 337"	392	401	423	435	490	493	503	509	537
"17"	" 584"	736	748	767	1029	1042	1047	1051	1052	1055
"18"	" 1098"	1125	1137	1446	1470	1498	1509	1799	2145	2533
"19"	" 2949"	2966	3241	3307	3508	3534	3630	3794	3795	3796
"20"	" 3867"	4019	4020	4109	4110	4329	4376	4521	4522	4523
"21"	" 6677"	9895	12392	12524	12650	14667	NA	NA	NA	NA
"22"	"chromosomal part"	19	21	39	117	128	273	424	425	584
"23"	" 1098"	1798	3307	3508	3534	4089	4090	4091	4365	4618
"24"	"perinuclear region of cytoplasm"	1	2	7	8	11	15	16	20	25
"25"	" 29"	35	40	44	49	53	54	57	59	60
"26"	" 61"	73	79	80	97	101	102	109	110	112
"27"	" 115"	128	140	150	153	202	215	231	244	269
"28"	" 273"	309	316	330	335	339	341	392	397	401
"29"	" 424"	425	426	435	436	490	493	495	529	531
"30"	" 537"	584	610	629	636	698	736	789	805	842
"31"	" 872"	971	1004	1052	1055	1077	1096	1098	1121	1125
"32"	" 1137"	1175	1176	1177	1182	1341	1653	1713	1799	2697
"33"	" 3020"	3241	3307	3390	3471	3508	3532	3534	3630	3867
"34"	" 3980"	4109	4110	4376	4756	9351	12392	NA	NA	NA
"35"	"regulation of multicellular organismal development"	2	8	11	15	16	19	20	21	29
"36"	" 35"	44	49	51	52	53	54	57	59	60
"37"	" 61"	73	76	79	101	102	104	110	112	124
"38"	" 128"	137	140	143	149	153	185	187	202	208
"39"	" 215"	237	238	248	256	273	278	302	309	312
"40"	" 326"	330	339	340	341	344	361	363	401	424
"41"	" 425"	426	427	462	487	493	517	529	541	584
"42"	" 636"	745	748	774	789	842	928	930	993	1004
"43"	" 1077"	1096	1098	1121	1125	1154	1175	1176	1177	1182
"44"	" 1315"	1341	1404	1431	1478	1653	1798	1799	1944	2145
"45"	" 2403"	2493	2735	3241	3307	3390	3508	3532	3534	3620
"46"	" 3630"	3662	3867	3965	4074	4089	4090	4091	4319	4376
"47"	" 4393"	4402	4403	4410	4520	4524	4756	5606	10630	11572
"48"	" 11576"	13076	13078	13079	13081	13082	13083	13321	NA	NA
"49"	"regulation of ion homeostasis"	11	25	37	44	60	95	153	215	309
"50"	" 330"	493	584	605	842	1098	1182	1223	1341	3241
"51"	" 3307"	3390	3532	3534	3630	3867	4223	4225	4376	4402
"52"	" 4756"	NA	NA	NA	NA	NA	NA	NA	NA	NA
"53"	"nucleoside phosphate catabolic process"	2	3	8	14	15	16	20	24	29
"54"	" 35"	36	44	51	53	54	55	57	59	61
"55"	" 73"	79	97	101	102	103	104	109	110	114
"56"	" 115"	124	127	132	140	143	149	154	194	208
"57"	" 210"	234	237	248	252	256	273	278	283	285
"58"	" 312"	316	338	340	341	342	344	353	361	362
"59"	" 363"	392	423	425	438	487	517	529	531	575
"60"	" 584"	594	609	632	695	714	767	788	789	791
"61"	" 842"	926	971	1004	1019	1047	1098	1111	1125	1176
"62"	" 1478"	1944	2493	3307	3508	3534	3543	3620	3662	3727
"63"	" 3954"	3955	3965	3980	4074	4152	4319	4366	4367	4403
"64"	" 4542"	4581	5606	5764	5765	10630	12242	13076	13078	13079
"65"	" 13081"	13082	13083	13321	13322	13323	13325	13327	13341	13385
"66"	"guanosine-containing compound catabolic process"	44	127	140	237	256	353	361	392	584
"67"	" 594"	695	842	1098	1125	1944	3307	3508	3534	3543
"68"	" 3727"	4366	4367	4542	5764	12242	13322	13323	13327	13385
"69"	"guanosine-containing compound metabolic process"	2	8	15	20	35	44	61	73	79
"70"	" 102"	110	127	128	140	202	237	256	273	312
"71"	" 338"	339	340	341	353	361	392	424	425	426
"72"	" 584"	594	636	695	842	1098	1125	1175	1176	1177
"73"	" 1944"	3307	3508	3534	3543	3727	4366	4367	4542	5764
"74"	" 12242"	13322	13323	13326	13327	13385	NA	NA	NA	NA
"75"	"carbohydrate derivative catabolic process"	8	14	15	20	22	24	31	36	37
"76"	" 41"	44	48	55	73	79	83	87	91	97
"77"	" 101"	103	104	109	113	114	115	121	127	132
"78"	" 134"	137	140	143	149	154	155	158	174	181
"79"	" 183"	191	208	210	217	234	237	248	256	261
"80"	" 264"	273	278	283	285	312	316	332	338	340
"81"	" 342"	353	361	362	363	392	397	402	423	427
"82"	" 438"	454	487	517	566	584	588	594	604	608
"83"	" 609"	632	681	695	708	788	791	811	842	962
"84"	" 1019"	1029	1047	1051	1052	1090	1098	1111	1125	1176
"85"	" 1355"	1405	1446	1470	1478	1498	1505	1509	1571	1944
"86"	" 2115"	2145	2493	2866	2966	3307	3508	3534	3543	3727
"87"	" 3790"	3794	3795	3796	3821	3954	3955	3991	3992	3993
"88"	" 3994"	3996	4019	4020	4074	4319	4366	4367	4453	4522
"89"	" 4524"	4542	4581	4582	5764	5765	6677	9526	10319	12242
"90"	" 12524"	12650	13322	13323	13325	13327	13338	13339	13340	13341
"91"	" 13343"	13385	NA	NA	NA	NA	NA	NA	NA	NA
"92"	"regulation of purine nucleotide metabolic process"	2	20	44	60	63	95	109	115	140
"93"	" 194"	252	309	353	392	493	529	531	584	695
"94"	" 714"	842	926	971	1098	1125	1876	3307	3508	3534
"95"	" 3980"	4376	12242	13385	NA	NA	NA	NA	NA	NA
"96"	"regulation of phospholipase C activity"	2	20	140	529	584	842	1098	3534	NA
"97"	"Golgi membrane"	3	15	25	49	52	53	54	60	97
"98"	" 103"	134	153	162	163	183	186	191	238	291
"99"	" 302"	309	316	324	330	332	337	392	401	423
"100"	" 493"	503	509	537	584	748	767	1029	1042	1047
"101"	" 1051"	1052	1055	1098	1125	1137	1446	1470	1498	1509
"102"	" 1799"	2145	2533	2949	2966	3241	3307	3508	3534	3630
"103"	" 3794"	3795	3796	3867	4019	4020	4329	4376	4521	4522
"104"	" 4523"	6677	9895	12392	12524	12650	14667	NA	NA	NA
"105"	"positive regulation of cell motility"	93	153	215	302	330	392	401	584	748
"106"	" 993"	1098	2533	2578	3307	3508	3534	3630	4393	4402
"107"	" 4407"	4520	12392	NA	NA	NA	NA	NA	NA	NA
"108"	"regulation of cell motility"	93	153	208	215	278	302	330	392	401
"109"	" 462"	517	584	748	993	1098	1431	2533	2578	3307
"110"	" 3508"	3532	3534	3630	4074	4393	4402	4403	4407	4410
"111"	" 4520"	11572	11576	12391	12392	NA	NA	NA	NA	NA
"112"	"chromosome"	19	21	39	117	128	273	424	425	584
"113"	" 832"	914	1098	1798	3307	3508	3534	4089	4090	4091
"114"	" 4365"	4618	NA	NA	NA	NA	NA	NA	NA	NA
"115"	"nuclear envelope"	36	39	44	49	71	76	77	80	93
"116"	" 128"	153	162	183	215	273	291	313	330	383
"117"	" 392"	401	424	425	432	436	525	537	584	606
"118"	" 607"	629	813	842	1029	1042	1043	1083	1088	1098
"119"	" 1623"	1784	1798	2051	2533	2578	2696	2949	3241	3243
"120"	" 3307"	3390	3413	3475	3508	3534	3630	3727	3867	3965
"121"	" 4089"	4090	4091	4366	4367	4393	4404	4542	6677	12241
"122"	" 12523"	12524	12526	13385	13386	14587	14588	NA	NA	NA
"123"	"nuclear chromatin"	19	21	584	1098	1798	3534	4089	4090	4091
"124"	"cytoskeleton"	2	8	15	18	20	25	26	29	35
"125"	" 36"	37	44	46	47	60	61	63	69	73
"126"	" 79"	82	93	99	101	102	104	109	110	114
"127"	" 115"	128	139	140	143	145	149	153	183	184
"128"	" 202"	208	215	222	231	237	245	248	256	273
"129"	" 278"	283	298	309	312	330	338	339	341	353
"130"	" 361"	363	392	411	415	424	425	426	433	436
"131"	" 449"	487	493	494	517	529	531	566	571	573
"132"	" 584"	589	600	604	636	647	840	842	936	971
"133"	" 1029"	1037	1044	1051	1077	1091	1096	1098	1121	1125
"134"	" 1175"	1176	1177	1341	1446	1470	1478	1498	1509	1605
"135"	" 1929"	2329	2368	2493	2576	2578	2714	2966	3241	3307
"136"	" 3390"	3508	3532	3534	3630	3794	3795	3796	3867	3980
"137"	" 4019"	4020	4074	4107	4108	4251	4253	4319	4376	4756
"138"	" 5163"	5615	5761	5765	6677	12524	12650	12703	12705	12707
"139"	" 12709"	12710	13262	13295	13296	13304	13305	13341	NA	NA
"140"	"nuclear body"	392	584	1098	1125	1798	3534	4089	4090	4091
"141"	" 4410"	NA	NA	NA	NA	NA	NA	NA	NA	NA
"142"	"nuclear speck"	392	584	1098	1125	1798	3534	4089	4090	4091
"143"	"cell leading edge"	2	8	15	18	20	35	44	61	73
"144"	" 79"	102	110	128	140	153	202	245	273	298
"145"	" 330"	339	341	392	424	425	426	494	529	571
"146"	" 584"	589	636	842	1077	1096	1098	1121	1125	1175
"147"	" 1176"	1177	3307	3508	3534	3630	4410	12392	NA	NA
"148"	"Ras GTPase binding"	302	392	584	748	993	1098	3534	4520	NA
"149"	"small GTPase binding"	302	392	584	748	993	1098	3534	4520	NA
"150"	"GTPase regulator activity"	140	353	392	584	695	842	1098	3534	12242
"151"	" 13385"	NA	NA	NA	NA	NA	NA	NA	NA	NA
"152"	"G-protein beta/gamma-subunit complex binding"	2	529	584	1098	3534	NA	NA	NA	NA
"153"	"phospholipase activity"	77	113	153	158	191	215	330	392	397
"154"	" 462"	509	584	606	1088	1098	1341	1431	1571	2025
"155"	" 3241"	3243	3307	3390	3508	3532	3534	3630	3867	4404
"156"	" 4756"	11572	12391	12392	NA	NA	NA	NA	NA	NA
"157"	"GTPase activator activity"	353	584	695	1098	3534	12242	13385	NA	NA
"158"	"phospholipid binding"	14	75	109	115	153	160	165	191	215
"159"	" 309"	330	392	531	584	606	745	774	966	971
"160"	" 1077"	1094	1096	1098	1121	1125	1341	2346	3241	3307
"161"	" 3390"	3508	3532	3534	3630	3867	3980	4756	9349	12392
"162"	"calcium ion binding"	14	15	44	52	63	80	91	103	109
"163"	" 131"	153	158	165	194	215	238	252	263	324
"164"	" 330"	346	364	392	397	401	513	548	584	629
"165"	" 650"	664	714	878	896	926	942	1098	1341	1525
"166"	" 1571"	1799	1991	2033	2145	2184	3004	3241	3307	3390
"167"	" 3508"	3532	3534	3630	3727	3810	3867	3947	4175	4366
"168"	" 4367"	4521	4542	4756	12391	14666	14667	NA	NA	NA
"169"	"lipase activity"	77	113	153	158	183	191	215	330	392
"170"	" 397"	436	462	509	584	606	1088	1098	1341	1431
"171"	" 1571"	2025	2044	2080	3241	3243	3307	3390	3508	3532
"172"	" 3534"	3630	3867	4404	4756	11572	12391	12392	NA	NA
"173"	"glycerolipid metabolic process"	14	24	36	40	42	51	53	72	81
"174"	" 91"	93	94	108	109	112	113	124	134	150
"175"	" 153"	154	158	165	183	185	191	215	220	224
"176"	" 227"	244	261	263	291	324	326	330	392	397
"177"	" 432"	509	525	541	575	584	604	606	616	628
"178"	" 805"	848	1041	1055	1066	1077	1088	1094	1096	1098
"179"	" 1121"	1125	1341	1502	1571	2043	2044	2184	2366	2533
"180"	" 2578"	2646	2696	2697	2758	2878	2948	2949	2981	3004
"181"	" 3034"	3080	3118	3241	3243	3251	3307	3373	3390	3413
"182"	" 3471"	3474	3508	3518	3519	3520	3530	3532	3534	3577
"183"	" 3601"	3620	3630	3662	3818	3867	3871	3911	3922	3951
"184"	" 3965"	4152	4229	4230	4231	4232	4233	4234	4235	4236
"185"	" 4237"	4238	4239	4240	4241	4242	4243	4244	4245	4246
"186"	" 4247"	4248	4249	4403	4404	4409	4410	4618	4753	4756
"187"	" 9349"	12359	12391	12392	13917	14616	14667	14670	NA	NA
"188"	"glycerophospholipid biosynthetic process"	40	91	94	108	112	134	150	153	185
"189"	" 215"	263	291	324	326	330	392	525	541	584
"190"	" 616"	1041	1055	1094	1098	1125	1341	2184	2533	2696
"191"	" 2758"	2948	2949	2981	3004	3080	3118	3241	3307	3390
"192"	" 3413"	3471	3508	3532	3534	3630	3867	4409	4410	4756
"193"	" 9349"	12392	14667	14670	NA	NA	NA	NA	NA	NA
"194"	"acylglycerol biosynthetic process"	24	36	40	72	81	91	109	113	150
"195"	" 153"	154	158	224	244	324	392	397	432	584
"196"	" 616"	805	848	1055	1066	1098	1571	2697	2948	3034
"197"	" 3241"	3251	3307	3373	3508	3518	3519	3520	3530	3534
"198"	" 3577"	3818	3867	3871	3911	3922	4229	4230	4231	4232
"199"	" 4233"	4234	4235	4236	4237	4238	4239	4240	4241	4242
"200"	" 4243"	4244	4245	4246	4247	4248	4249	4618	4753	14616
"201"	" 14667"	NA	NA	NA	NA	NA	NA	NA	NA	NA
"202"	"neutral lipid biosynthetic process"	24	36	40	72	81	91	109	113	150
"203"	" 153"	154	158	224	244	324	392	397	432	584
"204"	" 616"	805	848	1055	1066	1098	1571	2697	2948	3034
"205"	" 3241"	3251	3307	3373	3508	3518	3519	3520	3530	3534
"206"	" 3577"	3818	3867	3871	3911	3922	4229	4230	4231	4232
"207"	" 4233"	4234	4235	4236	4237	4238	4239	4240	4241	4242
"208"	" 4243"	4244	4245	4246	4247	4248	4249	4618	4753	14616
"209"	" 14667"	NA	NA	NA	NA	NA	NA	NA	NA	NA
"210"	"organophosphate catabolic process"	2	3	8	14	15	16	20	24	29
"211"	" 35"	36	44	51	53	54	55	57	59	61
"212"	" 73"	79	91	93	97	101	102	103	104	109
"213"	" 110"	114	115	124	127	132	134	140	143	149
"214"	" 154"	194	208	210	234	237	248	252	256	273
"215"	" 278"	283	285	312	316	338	340	341	342	344
"216"	" 353"	361	362	363	392	423	425	438	487	517
"217"	" 529"	531	566	575	584	594	604	609	632	695
"218"	" 714"	767	788	789	791	842	926	971	1004	1019
"219"	" 1041"	1047	1077	1096	1098	1111	1121	1125	1176	1478
"220"	" 1944"	2493	2578	2758	3080	3307	3508	3534	3543	3620
"221"	" 3662"	3727	3954	3955	3965	3980	4074	4152	4319	4366
"222"	" 4367"	4403	4410	4542	4581	5606	5764	5765	10630	12242
"223"	" 13076"	13078	13079	13081	13082	13083	13321	13322	13323	13325
"224"	" 13327"	13341	13385	NA	NA	NA	NA	NA	NA	NA
"225"	"regulation of Ras protein signal transduction"	353	392	584	695	1098	1121	1125	3307	3508
"226"	" 3534"	3959	3980	12242	13385	NA	NA	NA	NA	NA
"227"	"intracellular transport"	8	15	20	21	22	24	35	37	39
"228"	" 41"	46	48	63	81	92	93	110	128	140
"229"	" 150"	151	164	191	244	273	302	303	424	425
"230"	" 529"	584	629	748	842	853	993	1055	1077	1096
"231"	" 1098"	1121	1125	2145	2366	2386	2578	2856	3307	3373
"232"	" 3471"	3508	3534	4396	4520	4589	4618	9351	10595	10596
"233"	" 11571"	11572	14584	14585	14586	NA	NA	NA	NA	NA
"234"	"cell development"	2	8	15	19	20	21	26	35	40
"235"	" 44"	49	51	52	53	54	61	66	73	79
"236"	" 80"	91	102	110	112	115	124	127	128	137
"237"	" 140"	150	153	191	193	202	215	231	237	238
"238"	" 244"	256	273	304	312	330	335	339	340	341
"239"	" 342"	343	353	361	392	424	425	426	436	488
"240"	" 529"	574	584	594	616	636	695	842	928	930
"241"	" 1025"	1037	1068	1077	1091	1096	1098	1121	1125	1161
"242"	" 1175"	1176	1177	1341	1405	1653	1696	1798	1799	1895
"243"	" 1944"	2145	2353	2557	3241	3307	3390	3424	3508	3532
"244"	" 3534"	3543	3620	3630	3662	3867	3965	3983	4089	4090
"245"	" 4091"	4403	4410	4524	4549	4756	5077	5761	5764	8927
"246"	" 9352"	9376	11539	11544	11592	11593	11600	11601	11604	11605
"247"	" 11608"	11609	11610	11611	11612	11614	11616	11617	11618	11621
"248"	" 11623"	11624	11627	12242	12392	12702	12703	12977	13322	13323
"249"	" 13327"	13381	13383	13385	NA	NA	NA	NA	NA	NA
"250"	"Golgi vesicle transport"	150	244	584	1098	3534	11571	11572	NA	NA
"251"	"nerve growth factor receptor signaling pathway"	2	20	140	191	509	529	584	842	1098
"252"	" 3534"	4410	NA	NA	NA	NA	NA	NA	NA	NA
"253"	"insulin-like growth factor receptor signaling pathway"	584	1077	1096	1098	1121	3534	NA	NA	NA
"254"	"regulation of developmental growth"	584	1098	3307	3508	3534	NA	NA	NA	NA
"255"	"regulation of muscle organ development"	584	1098	2145	3534	4524	NA	NA	NA	NA
"256"	"cellular process involved in reproduction"	2	8	15	19	20	21	35	44	46
"257"	" 51"	52	61	73	79	102	110	115	128	140
"258"	" 150"	183	202	231	238	244	269	273	326	339
"259"	" 341"	386	392	424	425	426	495	529	584	636
"260"	" 695"	842	993	1040	1077	1096	1098	1121	1161	1175
"261"	" 1176"	1177	1623	1696	1798	1895	1937	2145	2353	2533
"262"	" 2627"	3307	3366	3508	3534	3815	4066	4067	4068	4069
"263"	" 4070"	4071	4089	4090	4091	4407	4520	4521	5077	5761
"264"	" 8927"	9376	11539	11544	11592	11593	11600	11601	11604	11605
"265"	" 11608"	11609	11610	11611	11612	11614	11616	11617	11618	11621
"266"	" 11623"	11624	11627	12702	12703	13381	13383	NA	NA	NA
"267"	"positive regulation of response to stimulus"	2	3	6	15	20	22	40	44	46
"268"	" 51"	61	73	93	95	103	124	137	140	149
"269"	" 153"	162	187	208	215	256	278	330	344	361
"270"	" 392"	401	427	453	462	517	529	575	584	616
"271"	" 629"	842	1042	1098	1121	1154	1315	1341	1404	1431
"272"	" 1630"	1798	1876	1944	2203	2386	2403	2533	2578	2856
"273"	" 3241"	3307	3390	3508	3532	3534	3620	3630	3662	3867
"274"	" 3949"	3962	3965	4074	4089	4090	4091	4152	4206	4393
"275"	" 4396"	4403	4407	4410	4589	4756	5606	10595	10596	10630
"276"	" 11572"	12392	13076	13078	13079	13081	13082	13083	13321	14584
"277"	" 14585"	14586	NA	NA	NA	NA	NA	NA	NA	NA
"278"	"developmental growth"	37	51	53	54	72	112	124	215	269
"279"	" 316"	342	343	353	401	436	495	534	574	584
"280"	" 923"	1098	1653	1798	3307	3508	3534	3620	3662	3913
"281"	" 3916"	3965	4089	4090	4091	4393	4403	4410	NA	NA
"282"	"neuron projection morphogenesis"	2	112	127	140	153	191	215	237	256
"283"	" 330"	361	529	584	594	1098	1125	1341	1653	1799
"284"	" 1944"	2145	3241	3307	3390	3508	3532	3534	3543	3630
"285"	" 3867"	4410	4756	5764	13322	13323	13327	NA	NA	NA
"286"	"regulation of skeletal muscle fiber development"	584	1098	2145	3534	4524	NA	NA	NA	NA
"287"	"generation of neurons"	2	19	21	26	49	66	80	112	127
"288"	" 137"	140	150	153	191	193	215	237	244	256
"289"	" 304"	312	330	335	340	353	361	392	488	529
"290"	" 584"	594	695	842	928	930	1077	1096	1098	1121
"291"	" 1125"	1341	1405	1653	1799	1944	2145	2557	3241	3307
"292"	" 3390"	3508	3532	3534	3543	3630	3867	3983	4410	4549
"293"	" 4756"	5764	12242	12392	12702	12977	13322	13323	13327	13385
"294"	"cell morphogenesis involved in neuron differentiation"	2	112	127	137	140	153	215	237	256
"295"	" 330"	361	529	584	594	1098	1125	1341	1405	1653
"296"	" 1799"	1944	3241	3307	3390	3508	3532	3534	3543	3630
"297"	" 3867"	4410	4756	5764	13322	13323	13327	NA	NA	NA
"298"	"neuron development"	2	26	66	80	112	127	137	140	150
"299"	" 153"	191	193	215	237	244	256	304	312	330
"300"	" 335"	340	361	392	488	529	584	594	842	1077
"301"	" 1096"	1098	1121	1125	1341	1405	1653	1799	1944	2145
"302"	" 2557"	3241	3307	3390	3508	3532	3534	3543	3630	3867
"303"	" 3983"	4410	4549	4756	5764	12392	12702	12977	13322	13323
"304"	" 13327"	NA	NA	NA	NA	NA	NA	NA	NA	NA
"305"	"anatomical structure formation involved in morphogenesis"	20	33	37	44	51	52	60	76	82
"306"	" 95"	109	124	131	137	140	174	191	208	210
"307"	" 215"	238	278	302	309	353	401	427	436	462
"308"	" 493"	517	529	548	584	585	604	606	608	748
"309"	" 842"	848	993	1026	1037	1088	1098	1125	1132	1154
"310"	" 1223"	1343	1431	1798	2145	2164	2646	2735	2914	3103
"311"	" 3241"	3243	3307	3390	3508	3534	3620	3662	3923	3959
"312"	" 3965"	4074	4089	4090	4091	4108	4111	4112	4113	4114
"313"	" 4115"	4155	4223	4225	4237	4307	4308	4376	4393	4403
"314"	" 4404"	4410	4520	5163	5292	5761	5762	5765	8985	9350
"315"	" 9526"	10319	11311	11572	11605	11606	11607	12959	12960	12962
"316"	" 13296"	13300	NA	NA	NA	NA	NA	NA	NA	NA
"317"	"regulation of skeletal muscle tissue development"	584	1098	2145	3534	4524	NA	NA	NA	NA
"318"	"positive regulation of developmental growth"	584	1098	3307	3508	3534	NA	NA	NA	NA
"319"	"cell motility"	26	51	52	60	66	93	115	124	137
"320"	" 153"	208	215	231	238	278	302	304	309	326
"321"	" 330"	392	401	462	488	493	506	517	584	708
"322"	" 748"	848	993	1098	1125	1341	1343	1405	1431	1798
"323"	" 2533"	2578	2910	3241	3307	3390	3508	3532	3534	3620
"324"	" 3630"	3662	3867	3923	3965	3983	4074	4089	4090	4091
"325"	" 4155"	4376	4393	4402	4403	4407	4410	4520	4549	4756
"326"	" 11311"	11572	11576	11605	11606	11607	12391	12392	12702	12977
"327"	"cell projection morphogenesis"	2	112	127	140	153	191	215	237	256
"328"	" 330"	361	529	584	594	1098	1125	1341	1653	1799
"329"	" 1944"	2145	3241	3307	3390	3508	3532	3534	3543	3630
"330"	" 3867"	4410	4756	5764	13322	13323	13327	NA	NA	NA
"331"	"coagulation"	2	8	15	20	35	44	55	60	61
"332"	" 73"	79	102	109	110	113	115	127	140	153
"333"	" 158"	215	309	330	341	342	392	425	493	529
"334"	" 531"	584	842	971	1096	1098	1121	1132	1341	1571
"335"	" 1783"	3241	3307	3390	3415	3448	3532	3534	3630	3698
"336"	" 3867"	3980	4376	4410	4756	NA	NA	NA	NA	NA
"337"	"T cell receptor signaling pathway"	93	208	278	517	584	1098	2578	3534	4074
"338"	" 4410"	NA	NA	NA	NA	NA	NA	NA	NA	NA
"339"	"positive regulation of immune response"	2	3	6	44	46	61	73	93	149
"340"	" 153"	208	215	278	330	517	584	1098	1341	2578
"341"	" 3241"	3307	3390	3532	3534	3630	3867	4074	4410	4756
"342"	"regulation of immune response"	2	3	6	44	46	61	73	93	149
"343"	" 153"	208	215	278	330	392	462	517	584	1098
"344"	" 1341"	1431	2578	3241	3307	3390	3532	3534	3630	3867
"345"	" 4074"	4410	4756	11572	12392	NA	NA	NA	NA	NA
"346"	"regulation of developmental process"	2	8	11	15	16	19	20	21	29
"347"	" 35"	44	46	49	51	52	53	54	57	59
"348"	" 60"	61	73	76	79	101	102	104	109	110
"349"	" 112"	115	124	128	137	140	143	149	153	158
"350"	" 162"	185	187	202	208	215	237	238	248	256
"351"	" 273"	278	279	302	309	312	317	326	330	339
"352"	" 340"	341	344	361	363	397	401	424	425	426
"353"	" 427"	462	487	493	517	529	531	541	584	636
"354"	" 695"	745	748	774	789	842	928	930	971	993
"355"	" 1004"	1042	1077	1096	1098	1121	1125	1154	1175	1176
"356"	" 1177"	1182	1315	1341	1404	1405	1431	1478	1653	1798
"357"	" 1799"	1944	2145	2203	2403	2493	2735	3241	3307	3390
"358"	" 3508"	3532	3534	3620	3630	3662	3867	3962	3965	3980
"359"	" 4074"	4089	4090	4091	4319	4376	4393	4402	4403	4410
"360"	" 4520"	4524	4756	5606	10630	11572	11576	13076	13078	13079
"361"	" 13081"	13082	13083	13321	13381	13383	NA	NA	NA	NA
"362"	"regulation of axonogenesis"	112	1653	1799	3307	3508	3534	4410	NA	NA
"363"	"positive regulation of neurogenesis"	49	928	930	1125	3307	3508	3534	NA	NA
"364"	"regulation of neurogenesis"	19	21	49	112	312	340	928	930	1077
"365"	" 1096"	1098	1121	1125	1653	1799	3307	3508	3534	4410
"366"	"positive regulation of GTPase activity"	353	584	695	1098	1125	3534	12242	13385	NA
"367"	"glycerolipid biosynthetic process"	24	36	40	72	81	91	94	108	109
"368"	" 112"	113	134	150	153	154	158	185	215	224
"369"	" 244"	263	291	324	326	330	392	397	432	525
"370"	" 541"	584	616	805	848	1041	1055	1066	1094	1098
"371"	" 1125"	1341	1571	2184	2533	2646	2696	2697	2758	2878
"372"	" 2948"	2949	2981	3004	3034	3080	3118	3241	3251	3307
"373"	" 3373"	3390	3413	3471	3508	3518	3519	3520	3530	3532
"374"	" 3534"	3577	3630	3818	3867	3871	3911	3922	4229	4230
"375"	" 4231"	4232	4233	4234	4235	4236	4237	4238	4239	4240
"376"	" 4241"	4242	4243	4244	4245	4246	4247	4248	4249	4409
"377"	" 4410"	4618	4753	4756	9349	12392	14616	14667	14670	NA
"378"	"regulation of neuron differentiation"	19	21	112	312	340	1077	1096	1098	1121
"379"	" 1125"	1653	1799	3307	3508	3534	4410	NA	NA	NA
"380"	"positive regulation of myoblast differentiation"	584	1098	2145	3534	4524	NA	NA	NA	NA
"381"	"regulation of myoblast differentiation"	584	1098	2145	3534	4524	NA	NA	NA	NA
"382"	"positive regulation of cell differentiation"	2	8	11	15	19	20	21	35	44
"383"	" 49"	61	73	79	102	104	110	128	140	143
"384"	" 149"	153	158	202	208	215	237	248	256	273
"385"	" 278"	312	330	339	341	361	363	397	401	424
"386"	" 425"	426	487	517	529	584	636	695	745	774
"387"	" 842"	928	930	1098	1121	1125	1175	1176	1177	1182
"388"	" 1315"	1341	1404	1478	1798	2145	2493	3241	3307	3390
"389"	" 3508"	3532	3534	3630	3867	4074	4089	4090	4091	4319
"390"	" 4393"	4402	4524	4756	13381	13383	NA	NA	NA	NA
"391"	"regulation of cell differentiation"	2	8	11	15	16	19	20	21	29
"392"	" 35"	44	49	52	53	54	57	59	61	73
"393"	" 79"	101	102	104	110	112	128	140	143	149
"394"	" 153"	158	202	208	215	237	238	248	256	273
"395"	" 278"	312	330	339	340	341	344	361	363	397
"396"	" 401"	424	425	426	487	517	529	584	636	695
"397"	" 745"	774	789	842	928	930	1004	1077	1096	1098
"398"	" 1121"	1125	1175	1176	1177	1182	1315	1341	1404	1478
"399"	" 1653"	1798	1799	1944	2145	2493	3241	3307	3390	3508
"400"	" 3532"	3534	3630	3867	4074	4089	4090	4091	4319	4393
"401"	" 4402"	4403	4410	4524	4756	5606	10630	11576	13076	13078
"402"	" 13079"	13081	13082	13083	13321	13381	13383	NA	NA	NA
"403"	"myoblast differentiation"	584	1098	2145	3534	4524	NA	NA	NA	NA
"404"	"positive regulation of exocytosis"	153	330	392	584	1098	3534	3630	12392	NA
"405"	"positive regulation of transcription DNA-dependent"	3	6	137	149	153	215	330	401	537
"406"	" 584"	1077	1096	1098	1121	1341	1405	1798	3241	3307
"407"	" 3390"	3532	3534	3630	3867	4089	4090	4091	4756	NA
"408"	"positive regulation of protein kinase activity"	2	49	53	54	62	137	140	148	150
"409"	" 153"	215	330	332	427	529	584	842	1098	1341
"410"	" 3241"	3307	3390	3532	3534	3630	3867	3900	4410	4756
"411"	"GTP metabolic process"	2	8	15	20	35	44	61	73	79
"412"	" 102"	110	128	140	202	273	338	339	341	353
"413"	" 392"	424	425	426	584	636	695	842	1098	1125
"414"	" 1175"	1176	1177	3307	3508	3534	3727	4366	4367	4542
"415"	" 12242"	13385	NA	NA	NA	NA	NA	NA	NA	NA
"416"	"positive regulation of phosphate metabolic process"	2	49	53	54	62	137	140	148	150
"417"	" 153"	162	191	215	330	332	392	427	509	529
"418"	" 584"	842	1042	1052	1098	1341	2203	2533	3241	3307
"419"	" 3390"	3532	3534	3630	3867	3900	3962	4407	4410	4756
"420"	"positive regulation of growth"	3	6	40	91	149	150	215	244	302
"421"	" 584"	616	748	993	1098	3307	3508	3534	4402	4520
"422"	"positive regulation of nucleobase-containing compound metabolic process"	2	3	6	8	15	35	44	46	61
"423"	" 73"	110	137	149	153	215	330	401	529	537
"424"	" 584"	842	1077	1096	1098	1121	1341	1405	1798	3241
"425"	" 3307"	3390	3532	3534	3630	3867	4089	4090	4091	4756
"426"	"purine ribonucleoside metabolic process"	2	8	10	15	19	20	21	24	35
"427"	" 36"	37	44	55	61	71	73	79	81	95
"428"	" 102"	103	104	110	127	128	140	143	149	154
"429"	" 166"	202	208	209	210	234	237	248	256	273
"430"	" 278"	283	312	330	336	338	339	340	341	342
"431"	" 353"	361	363	392	394	423	424	425	426	438
"432"	" 487"	517	584	594	636	695	745	774	788	789
"433"	" 842"	1004	1007	1047	1094	1098	1125	1175	1176	1177
"434"	" 1478"	1944	2431	2493	2556	2719	3110	3131	3209	3307
"435"	" 3331"	3373	3508	3534	3543	3566	3727	4074	4319	4366
"436"	" 4367"	4542	4618	5764	12242	13322	13323	13326	13327	13385
"437"	"purine ribonucleoside catabolic process"	44	104	127	140	143	149	208	237	248
"438"	" 256"	278	312	353	361	363	392	487	517	584
"439"	" 594"	695	842	1098	1125	1478	1944	2493	3307	3508
"440"	" 3534"	3543	3727	4074	4319	4366	4367	4542	5764	12242
"441"	" 13322"	13323	13327	13385	NA	NA	NA	NA	NA	NA
"442"	"diacylglycerol metabolic process"	40	263	392	397	584	805	1098	2697	3004
"443"	" 3534"	NA	NA	NA	NA	NA	NA	NA	NA	NA
"444"	"membrane organization"	109	150	153	183	215	244	324	330	1029
"445"	" 1051"	1077	1096	1098	1121	1125	1341	1446	1470	1498
"446"	" 1509"	2646	2966	3241	3307	3390	3508	3532	3534	3630
"447"	" 3794"	3795	3796	3867	4019	4020	4409	4410	4756	6677
"448"	" 9349"	11571	11572	12524	12650	14667	14670	NA	NA	NA
"449"	"labyrinthine layer development"	584	1098	3534	12551	12559	NA	NA	NA	NA
"450"	"placenta blood vessel development"	584	1098	3534	12551	12559	NA	NA	NA	NA
"451"	"regulation of vesicle-mediated transport"	52	93	150	153	215	238	244	330	392
"452"	" 462"	584	1098	1125	1341	1431	2578	3241	3307	3390
"453"	" 3532"	3534	3630	3867	4410	4756	11572	12392	NA	NA
"454"	"labyrinthine layer blood vessel development"	584	1098	3534	12551	12559	NA	NA	NA	NA
"455"	"divalent metal ion transport"	20	60	140	153	215	309	330	401	493
"456"	" 529"	584	842	1077	1096	1098	1121	1315	1341	1404
"457"	" 3241"	3307	3390	3532	3534	3630	3867	4376	4393	4756
"458"	"response to interleukin-15"	150	244	584	1098	3534	NA	NA	NA	NA
"459"	"cellular component assembly at cellular level"	18	32	41	95	109	112	115	191	245
"460"	" 298"	494	531	571	589	793	971	1055	1068	1077
"461"	" 1096"	1098	1121	1125	1653	1798	2145	2646	3307	3424
"462"	" 3471"	3508	3534	3980	4089	4090	4091	4409	4410	9349
"463"	" 12415"	12416	12554	12555	14670	NA	NA	NA	NA	NA
"464"	"divalent inorganic cation transport"	20	60	140	153	215	309	330	401	493
"465"	" 529"	584	842	1077	1096	1098	1121	1315	1341	1404
"466"	" 3241"	3307	3390	3532	3534	3630	3867	4376	4393	4756
"467"	"divalent inorganic cation homeostasis"	3	6	60	101	137	140	149	153	194
"468"	" 215"	252	309	330	346	493	584	647	714	842
"469"	" 926"	1098	1315	1341	1404	1405	3241	3307	3390	3532
"470"	" 3534"	3630	3867	4376	4410	4756	11521	11522	11523	11524
"471"	" 11525"	11526	11527	11528	NA	NA	NA	NA	NA	NA
"472"	"purine-containing compound catabolic process"	14	20	24	36	44	51	55	73	79
"473"	" 97"	103	104	109	114	115	124	127	132	140
"474"	" 143"	149	154	174	194	208	210	234	237	248
"475"	" 252"	256	273	278	283	285	312	316	338	340
"476"	" 342"	344	353	361	362	363	392	402	423	438
"477"	" 487"	517	529	531	575	584	594	632	695	714
"478"	" 788"	791	811	842	926	971	1019	1047	1098	1111
"479"	" 1125"	1176	1478	1944	2493	3307	3508	3534	3543	3620
"480"	" 3662"	3727	3954	3955	3965	3980	4074	4152	4319	4366
"481"	" 4367"	4403	4542	4581	5606	5764	5765	10630	12242	13076
"482"	" 13078"	13079	13081	13082	13083	13321	13322	13323	13325	13327
"483"	" 13338"	13385	NA	NA	NA	NA	NA	NA	NA	NA
"484"	"cellular divalent inorganic cation homeostasis"	3	6	60	101	137	140	149	153	194
"485"	" 215"	252	309	330	346	493	584	647	714	842
"486"	" 926"	1098	1341	1405	3241	3307	3390	3532	3534	3630
"487"	" 3867"	4376	4410	4756	11521	11522	11523	11524	11525	11526
"488"	" 11527"	11528	NA	NA	NA	NA	NA	NA	NA	NA
"489"	"positive regulation of protein serine/threonine kinase activity"	137	140	153	215	330	427	584	842	1098
"490"	" 1341"	3241	3307	3390	3532	3534	3630	3867	4410	4756
"491"	"regulation of protein serine/threonine kinase activity"	51	63	95	137	140	153	191	215	330
"492"	" 427"	509	584	842	1052	1077	1096	1098	1121	1161
"493"	" 1341"	1876	1895	3241	3307	3390	3532	3534	3630	3867
"494"	" 4410"	4756	5077	5761	8927	9376	11539	11544	11592	11593
"495"	" 11600"	11601	11604	11605	11608	11609	11610	11611	11612	11614
"496"	" 11616"	11617	11618	11621	11623	11624	11627	NA	NA	NA
"497"	"nephron development"	24	314	584	1098	3534	NA	NA	NA	NA
"498"	"regulation of cellular response to stress"	8	15	35	46	51	63	95	110	162
"499"	" 256"	344	361	584	1042	1098	1161	1798	1799	1876
"500"	" 1895"	1944	2203	3307	3508	3534	3962	4089	4090	4091
"501"	" 5077"	5606	5761	8927	9376	10630	11539	11544	11592	11593
"502"	" 11600"	11601	11604	11605	11608	11609	11610	11611	11612	11614
"503"	" 11616"	11617	11618	11621	11623	11624	11627	13076	13078	13079
"504"	" 13081"	13082	13083	13321	NA	NA	NA	NA	NA	NA
"505"	"regulation of response to stress"	2	8	15	20	25	35	44	46	51
"506"	" 55"	59	60	61	63	73	95	103	110	113
"507"	" 127"	140	147	153	158	162	191	208	210	215
"508"	" 234"	240	250	256	278	283	309	312	330	338
"509"	" 340"	342	344	361	363	392	394	401	423	438
"510"	" 493"	517	529	584	594	788	842	981	1042	1047
"511"	" 1052"	1098	1154	1161	1223	1341	1478	1571	1783	1784
"512"	" 1798"	1799	1876	1895	1944	2030	2203	2493	2533	2898
"513"	" 3241"	3307	3390	3508	3532	3534	3630	3698	3867	3962
"514"	" 4074"	4089	4090	4091	4178	4213	4225	4319	4322	4376
"515"	" 4388"	4393	4407	4410	4515	4756	5077	5606	5761	8927
"516"	" 9376"	10630	11539	11544	11592	11593	11600	11601	11604	11605
"517"	" 11608"	11609	11610	11611	11612	11614	11616	11617	11618	11621
"518"	" 11623"	11624	11627	13076	13078	13079	13081	13082	13083	13321
"519"	"sensory perception of taste"	506	584	1098	2910	3534	NA	NA	NA	NA
"520"	"cognition"	2	20	80	112	140	150	183	215	244
"521"	" 335"	401	506	529	584	703	842	1026	1083	1098
"522"	" 1125"	1623	1653	2910	3307	3475	3508	3534	3920	3921
"523"	" 3923"	3924	4107	4111	4113	4115	4117	4118	4119	4123
"524"	" 4393"	4410	4676	12268	12269	12357	13911	13912	14582	14587
"525"	" 14588"	NA	NA	NA	NA	NA	NA	NA	NA	NA
"526"	"leukocyte migration"	52	153	208	215	238	278	330	462	506
"527"	" 517"	584	1098	1125	1341	1431	2910	3241	3307	3390
"528"	" 3508"	3532	3534	3630	3867	4074	4410	4756	11572	NA
"529"	"B cell receptor signaling pathway"	3	6	149	584	1098	3534	4410	NA	NA
"530"	"positive regulation of muscle cell differentiation"	584	695	1098	2145	3534	4524	13381	13383	NA
"531"	"regulation of muscle cell differentiation"	584	695	1098	2145	3534	4524	13381	13383	NA
"532"	"regulation of striated muscle cell differentiation"	584	1098	2145	3534	4524	NA	NA	NA	NA
"533"	"positive regulation of developmental process"	2	8	11	15	19	20	21	35	44
"534"	" 49"	52	60	61	73	79	102	104	110	128
"535"	" 137"	140	143	149	153	158	187	202	208	215
"536"	" 237"	238	248	256	273	278	302	309	312	330
"537"	" 339"	341	361	363	397	401	424	425	426	427
"538"	" 462"	487	493	517	529	584	636	695	745	748
"539"	" 774"	842	928	930	993	1098	1121	1125	1154	1175
"540"	" 1176"	1177	1182	1315	1341	1404	1431	1478	1798	2145
"541"	" 2403"	2493	3241	3307	3390	3508	3532	3534	3630	3867
"542"	" 4074"	4089	4090	4091	4319	4376	4393	4402	4520	4524
"543"	" 4756"	11572	13381	13383	NA	NA	NA	NA	NA	NA
"544"	"negative regulation of cellular component organization"	2	8	15	19	21	35	44	61	73
"545"	" 79"	93	102	110	128	202	273	312	339	340
"546"	" 341"	424	425	426	636	1077	1096	1098	1121	1175
"547"	" 1176"	1177	1798	1799	2578	3307	3508	3534	4089	4090
"548"	" 4091"	4410	NA	NA	NA	NA	NA	NA	NA	NA
"549"	"regulation of cellular component organization"	2	3	6	8	15	16	18	19	21
"550"	" 22"	29	35	44	53	54	57	59	61	72
"551"	" 73"	79	93	95	101	102	109	110	112	115
"552"	" 128"	137	149	150	153	202	215	244	245	273
"553"	" 279"	283	291	298	302	312	317	330	339	340
"554"	" 341"	392	424	425	426	438	453	487	494	531
"555"	" 571"	574	584	589	636	748	788	789	842	971
"556"	" 993"	1004	1077	1096	1098	1121	1125	1175	1176	1177
"557"	" 1315"	1341	1404	1405	1630	1653	1798	1799	1876	2533
"558"	" 2578"	2790	2949	3241	3307	3390	3508	3532	3534	3630
"559"	" 3867"	3949	3959	3980	4036	4089	4090	4091	4206	4402
"560"	" 4410"	4520	4676	4756	10319	12267	12269	12392	13343	13909
"561"	" 13910"	13912	13913	13914	NA	NA	NA	NA	NA	NA
"562"	"regulation of small GTPase mediated signal transduction"	353	392	584	695	1098	1121	1125	3307	3508
"563"	" 3534"	3959	3980	12242	13385	NA	NA	NA	NA	NA
"564"	"positive regulation of secretion"	3	6	14	25	26	44	112	137	149
"565"	" 153"	158	160	162	215	261	314	330	392	427
"566"	" 584"	601	604	842	974	1042	1098	1341	1653	1783
"567"	" 2203"	2759	2925	3241	3307	3390	3532	3534	3630	3698
"568"	" 3867"	3959	3962	3980	4756	11523	12392	NA	NA	NA
"569"	"positive regulation of RNA metabolic process"	2	3	6	8	15	35	44	46	61
"570"	" 73"	110	137	149	153	215	330	401	537	584
"571"	" 1077"	1096	1098	1121	1341	1405	1798	3241	3307	3390
"572"	" 3532"	3534	3630	3867	4089	4090	4091	4756	NA	NA
"573"	"sequestering of metal ion"	584	1098	3534	11571	11572	NA	NA	NA	NA
"574"	"positive regulation of protein metabolic process"	2	19	21	25	49	53	54	62	95
"575"	" 137"	140	148	150	153	162	191	215	302	324
"576"	" 330"	332	392	427	462	509	529	584	605	748
"577"	" 842"	993	1042	1052	1094	1098	1341	1431	2203	2533
"578"	" 3241"	3307	3390	3508	3532	3534	3630	3867	3900	3962
"579"	" 4407"	4410	4520	4756	11572	14667	NA	NA	NA	NA
"580"	"regulation of protein metabolic process"	2	16	19	21	25	29	49	51	53
"581"	" 54"	57	59	60	62	63	95	101	124	137
"582"	" 140"	148	150	153	154	162	191	215	256	295
"583"	" 302"	309	324	330	332	344	361	392	393	427
"584"	" 462"	493	509	529	584	605	748	789	842	993
"585"	" 1004"	1037	1042	1052	1077	1091	1094	1096	1098	1121
"586"	" 1161"	1341	1431	1876	1895	1944	2203	2533	3241	3307
"587"	" 3390"	3508	3532	3534	3620	3630	3662	3838	3867	3900
"588"	" 3962"	3965	4376	4403	4407	4410	4520	4756	4801	4802
"589"	" 5077"	5606	5761	8927	9376	10630	11539	11544	11572	11592
"590"	" 11593"	11600	11601	11604	11605	11608	11609	11610	11611	11612
"591"	" 11614"	11616	11617	11618	11621	11623	11624	11627	13076	13078
"592"	" 13079"	13081	13082	13083	13321	13346	14667	NA	NA	NA
"593"	"negative regulation of nitrogen compound metabolic process"	3	6	19	20	21	25	31	59	72
"594"	" 87"	95	113	121	134	140	149	153	155	191
"595"	" 250"	283	324	401	438	454	487	506	509	529
"596"	" 574"	584	605	703	708	788	842	1026	1077	1090
"597"	" 1096"	1098	1121	1154	1355	1798	2145	2866	2910	3241
"598"	" 3307"	3508	3534	3867	3920	3921	3923	3924	3991	3992
"599"	" 3993"	3994	3996	4089	4090	4091	4107	4111	4113	4115
"600"	" 4117"	4118	4119	4123	4453	4522	10319	13343	14667	NA
"601"	"regulation of hydrolase activity"	2	20	49	51	53	54	60	62	109
"602"	" 115"	124	137	140	148	150	153	183	191	194
"603"	" 215"	244	252	256	302	309	330	332	344	353
"604"	" 361"	392	493	529	531	584	588	695	714	842
"605"	" 926"	971	1029	1051	1098	1125	1341	1446	1470	1498
"606"	" 1509"	1944	2966	3241	3307	3390	3508	3532	3534	3620
"607"	" 3630"	3662	3794	3795	3796	3867	3900	3965	3980	4019
"608"	" 4020"	4376	4402	4403	4756	5606	6677	10630	12242	12524
"609"	" 12650"	13076	13078	13079	13081	13082	13083	13321	13385	NA
"610"	"positive regulation of transferase activity"	2	49	53	54	62	137	140	148	150
"611"	" 153"	215	330	332	427	529	584	601	842	1098
"612"	" 1341"	3241	3307	3390	3532	3534	3630	3867	3900	3959
"613"	" 4410"	4756	11571	11572	NA	NA	NA	NA	NA	NA
"614"	"positive regulation of hydrolase activity"	2	20	49	53	54	62	109	115	140
"615"	" 148"	150	153	191	194	215	252	256	302	330
"616"	" 332"	344	353	361	529	531	584	695	714	842
"617"	" 926"	971	1098	1125	1341	1944	3241	3307	3390	3532
"618"	" 3534"	3630	3867	3900	3980	4402	4756	5606	10630	12242
"619"	" 13076"	13078	13079	13081	13082	13083	13321	13385	NA	NA
"620"	"interphase of mitotic cell cycle"	8	15	35	39	110	120	128	138	179
"621"	" 202"	228	273	322	323	339	342	343	383	392
"622"	" 424"	425	432	584	607	636	848	1083	1098	1177
"623"	" 1343"	1727	2386	2508	3307	3508	3534	3816	3818	3920
"624"	" 3922"	4155	4410	4589	9504	11311	11537	11605	11606	11607
"625"	" 13369"	13370	NA	NA	NA	NA	NA	NA	NA	NA
"626"	"interphase"	8	15	35	39	110	120	128	138	179
"627"	" 202"	228	273	322	323	339	342	343	383	392
"628"	" 424"	425	432	584	607	636	848	1083	1098	1177
"629"	" 1343"	1727	2386	2508	3307	3508	3534	3816	3818	3920
"630"	" 3922"	4155	4410	4589	9504	11311	11537	11605	11606	11607
"631"	" 13369"	13370	NA	NA	NA	NA	NA	NA	NA	NA
"632"	"regulation of cellular component movement"	52	93	153	208	215	238	278	302	330
"633"	" 392"	401	462	517	584	748	993	1098	1431	2533
"634"	" 2578"	3307	3508	3532	3534	3630	4074	4393	4402	4403
"635"	" 4407"	4410	4520	11572	11576	12391	12392	NA	NA	NA
"636"	"positive regulation of cellular component movement"	93	153	215	302	330	392	401	584	748
"637"	" 993"	1098	2533	2578	3307	3508	3534	3630	4393	4402
"638"	" 4407"	4520	12392	NA	NA	NA	NA	NA	NA	NA
"639"	"regulation of cell cycle"	2	8	15	18	20	35	39	44	46
"640"	" 49"	61	73	79	102	110	128	140	148	162
"641"	" 183"	202	215	245	273	298	302	338	339	341
"642"	" 392"	401	424	425	426	432	494	529	571	584
"643"	" 589"	636	748	842	848	993	1029	1042	1051	1083
"644"	" 1098"	1175	1176	1177	1315	1343	1404	1446	1470	1498
"645"	" 1509"	1798	2203	2386	2966	3307	3508	3534	3794	3795
"646"	" 3796"	3816	3818	3920	3922	3962	4019	4020	4089	4090
"647"	" 4091"	4155	4393	4403	4410	4520	4589	6677	9504	11311
"648"	" 11537"	11576	11605	11606	11607	12524	12650	NA	NA	NA
"649"	"organelle localization"	1125	3307	3508	3534	4410	NA	NA	NA	NA
"650"	"localization of cell"	26	51	52	60	66	93	115	124	137
"651"	" 153"	208	215	231	238	278	302	304	309	326
"652"	" 330"	392	401	462	488	493	506	517	584	708
"653"	" 748"	848	993	1098	1125	1341	1343	1405	1431	1798
"654"	" 2533"	2578	2910	3241	3307	3390	3508	3532	3534	3620
"655"	" 3630"	3662	3867	3923	3965	3983	4074	4089	4090	4091
"656"	" 4155"	4376	4393	4402	4403	4407	4410	4520	4549	4756
"657"	" 11311"	11572	11576	11605	11606	11607	12391	12392	12702	12977
"658"	"cytosolic calcium ion homeostasis"	3	6	60	140	149	153	215	309	330
"659"	" 493"	584	842	1098	1341	3241	3307	3390	3532	3534
"660"	" 3630"	3867	4376	4756	NA	NA	NA	NA	NA	NA
"661"	"regulation of meiotic cell cycle"	20	140	529	584	842	1098	3534	NA	NA
"662"	"regulation of nervous system development"	19	21	49	112	312	340	928	930	1077
"663"	" 1096"	1098	1121	1125	1653	1799	3307	3508	3534	4410
"664"	"positive regulation of calcium ion transport"	153	215	330	584	1098	1341	3241	3307	3390
"665"	" 3532"	3534	3630	3867	4756	NA	NA	NA	NA	NA
"666"	"regulation of calcium ion transport"	60	153	215	309	330	401	493	584	1077
"667"	" 1096"	1098	1121	1341	3241	3307	3390	3532	3534	3630
"668"	" 3867"	4376	4393	4756	NA	NA	NA	NA	NA	NA
"669"	"regulation of acrosome reaction"	52	238	584	1098	3534	NA	NA	NA	NA
"670"	"calcium ion homeostasis"	3	6	60	101	137	140	149	153	194
"671"	" 215"	252	309	330	346	493	584	647	714	842
"672"	" 926"	1098	1315	1341	1404	1405	3241	3307	3390	3532
"673"	" 3534"	3630	3867	4376	4410	4756	11521	11522	11523	11524
"674"	" 11525"	11526	11527	11528	NA	NA	NA	NA	NA	NA
"675"	"negative regulation of cell death"	2	3	6	8	15	20	22	24	25
"676"	" 35"	40	41	44	49	51	53	54	60	61
"677"	" 73"	79	91	95	98	102	110	124	128	133
"678"	" 140"	148	149	150	162	183	202	208	215	244
"679"	" 273"	278	302	309	322	323	339	341	424	425
"680"	" 426"	453	462	493	505	517	529	575	584	605
"681"	" 616"	636	745	748	774	793	842	993	1029	1042
"682"	" 1051"	1098	1161	1175	1176	1177	1431	1446	1470	1498
"683"	" 1509"	1526	1615	1630	1727	1876	1895	2085	2203	2508
"684"	" 2627"	2694	2966	3307	3508	3534	3620	3662	3794	3795
"685"	" 3796"	3887	3889	3891	3893	3895	3897	3898	3902	3949
"686"	" 3962"	3965	4019	4020	4074	4152	4206	4376	4402	4403
"687"	" 4410"	4520	5077	5761	6677	8927	9376	11539	11544	11571
"688"	" 11572"	11592	11593	11600	11601	11604	11605	11608	11609	11610
"689"	" 11611"	11612	11614	11616	11617	11618	11621	11623	11624	11627
"690"	" 12524"	12650	13369	13370	NA	NA	NA	NA	NA	NA
"691"	"calcium ion transport into cytosol"	60	153	215	309	330	493	584	1098	1341
"692"	" 3241"	3307	3390	3532	3534	3630	3867	4376	4756	NA
"693"	"cytosolic calcium ion transport"	60	153	215	309	330	493	584	1098	1341
"694"	" 3241"	3307	3390	3532	3534	3630	3867	4376	4756	NA
"695"	"regulation of cell development"	19	20	21	49	52	112	140	238	312
"696"	" 340"	529	584	842	928	930	1077	1096	1098	1121
"697"	" 1125"	1653	1799	2145	3307	3508	3534	4410	4524	NA
"698"	"regulation of lipase activity"	2	20	140	150	153	215	244	330	529
"699"	" 584"	842	1098	1341	3241	3307	3390	3532	3534	3630
"700"	" 3867"	4756	NA	NA	NA	NA	NA	NA	NA	NA
"701"	"positive regulation of lipase activity"	2	20	140	153	215	330	529	584	842
"702"	" 1098"	1341	3241	3307	3390	3532	3534	3630	3867	4756
"703"	"sexual reproduction"	2	5	6	8	15	19	20	21	25
"704"	" 35"	44	51	52	60	61	73	79	83	102
"705"	" 110"	115	124	127	128	137	140	147	150	153
"706"	" 175"	193	202	215	231	237	238	240	244	256
"707"	" 273"	291	309	322	323	326	330	332	339	341
"708"	" 361"	386	392	401	424	425	426	493	529	541
"709"	" 574"	584	594	636	695	842	993	1040	1098	1175
"710"	" 1176"	1177	1223	1292	1341	1405	1623	1696	1784	1798
"711"	" 1895"	1944	2030	2145	2353	2533	2898	3241	3307	3390
"712"	" 3508"	3532	3534	3543	3630	3815	3867	4066	4067	4068
"713"	" 4069"	4089	4090	4091	4178	4191	4206	4213	4225	4322
"714"	" 4376"	4388	4393	4407	4515	4520	4521	4522	4523	4756
"715"	" 5764"	12702	12703	13050	13051	13054	13055	13058	13059	13322
"716"	" 13323"	13327	13381	13383	15439	NA	NA	NA	NA	NA
"717"	"pallium development"	26	66	80	183	269	304	335	386	488
"718"	" 495"	584	610	1040	1098	1623	1937	3020	3307	3508
"719"	" 3534"	3815	3913	3916	3983	4066	4067	4068	4069	4070
"720"	" 4071"	4410	4549	12702	12977	NA	NA	NA	NA	NA
"721"	"telencephalon development"	26	33	66	80	82	127	140	183	237
"722"	" 256"	269	304	335	361	386	488	495	548	584
"723"	" 585"	594	610	1026	1040	1098	1623	1937	1944	2914
"724"	" 3020"	3103	3307	3508	3534	3543	3815	3913	3916	3983
"725"	" 4066"	4067	4068	4069	4070	4071	4108	4111	4112	4113
"726"	" 4114"	4115	4307	4308	4410	4549	5163	5292	5761	5762
"727"	" 5764"	8985	12702	12977	13296	13300	13322	13323	13327	NA
"728"	"second-messenger-mediated signaling"	2	20	44	140	153	194	208	215	252
"729"	" 278"	302	330	392	517	529	584	714	748	842
"730"	" 926"	993	1098	1341	3241	3307	3390	3532	3534	3630
"731"	" 3867"	4074	4520	4756	NA	NA	NA	NA	NA	NA
"732"	"regulation of anatomical structure morphogenesis"	20	44	52	60	76	109	112	115	137
"733"	" 140"	215	238	279	302	309	317	401	427	462
"734"	" 493"	529	531	584	748	842	971	993	1098	1154
"735"	" 1405"	1431	1653	1799	2735	3307	3508	3534	3980	4376
"736"	" 4393"	4410	4520	11572	NA	NA	NA	NA	NA	NA
"737"	"cell cycle phase"	2	8	15	18	20	35	39	44	61
"738"	" 73"	79	102	110	120	128	138	140	179	202
"739"	" 228"	245	273	298	322	323	339	341	342	343
"740"	" 383"	392	424	425	426	432	494	529	571	584
"741"	" 589"	607	636	695	842	848	1083	1098	1175	1176
"742"	" 1177"	1343	1727	1798	2386	2508	3307	3508	3534	3816
"743"	" 3818"	3920	3922	4089	4090	4091	4155	4410	4589	9504
"744"	" 11311"	11537	11605	11606	11607	13369	13370	13381	13383	NA
"745"	"neurogenesis"	2	19	21	26	49	51	66	80	112
"746"	" 127"	137	140	150	153	183	191	193	215	237
"747"	" 244"	256	304	312	330	335	340	353	361	392
"748"	" 488"	529	584	594	695	832	842	914	928	930
"749"	" 1077"	1096	1098	1121	1125	1161	1341	1405	1623	1653
"750"	" 1799"	1895	1937	1944	2145	2557	3241	3307	3390	3508
"751"	" 3532"	3534	3543	3630	3815	3867	3983	4068	4069	4070
"752"	" 4071"	4410	4549	4756	5077	5761	5764	8927	9376	11539
"753"	" 11544"	11592	11593	11600	11601	11604	11605	11608	11609	11610
"754"	" 11611"	11612	11614	11616	11617	11618	11621	11623	11624	11627
"755"	" 12242"	12392	12702	12977	13322	13323	13327	13385	NA	NA
"756"	"cell cycle process"	2	8	15	18	20	35	39	44	46
"757"	" 61"	73	79	102	110	120	128	138	140	162
"758"	" 179"	183	193	202	228	245	273	298	322	323
"759"	" 338"	339	341	342	343	383	392	424	425	426
"760"	" 432"	494	529	571	584	589	607	636	695	842
"761"	" 848"	1029	1042	1051	1083	1098	1175	1176	1177	1315
"762"	" 1343"	1404	1446	1470	1498	1509	1727	1798	2203	2386
"763"	" 2508"	2557	2966	3307	3508	3534	3794	3795	3796	3816
"764"	" 3818"	3920	3922	3962	4019	4020	4089	4090	4091	4155
"765"	" 4410"	4589	6677	9504	11311	11537	11605	11606	11607	12524
"766"	" 12650"	13369	13370	13381	13383	NA	NA	NA	NA	NA
"767"	"cerebral cortex development"	80	269	335	495	584	610	1098	3020	3307
"768"	" 3508"	3534	NA	NA	NA	NA	NA	NA	NA	NA
"769"	"platelet activation"	60	109	113	115	153	158	215	309	330
"770"	" 392"	493	531	584	971	1098	1341	1571	3241	3307
"771"	" 3390"	3532	3534	3630	3867	3980	4376	4410	4756	NA
"772"	"cellular cation homeostasis"	3	6	11	37	60	101	137	140	149
"773"	" 150"	153	154	194	215	244	252	295	309	330
"774"	" 346"	393	403	462	493	584	647	714	842	926
"775"	" 1098"	1182	1341	1405	1431	3241	3307	3390	3532	3534
"776"	" 3630"	3867	4376	4410	4756	11521	11522	11523	11524	11525
"777"	" 11526"	11527	11528	11571	11572	NA	NA	NA	NA	NA
"778"	"metal ion transport"	20	21	60	131	140	151	153	215	309
"779"	" 330"	364	401	493	513	529	584	842	1077	1096
"780"	" 1098"	1121	1315	1341	1404	3241	3307	3390	3532	3534
"781"	" 3630"	3810	3867	4376	4393	4756	11571	11572	NA	NA
"782"	"actin cytoskeleton organization"	18	93	109	115	153	215	245	298	330
"783"	" 494"	531	571	589	971	1077	1096	1098	1121	1125
"784"	" 1341"	2578	3241	3307	3390	3508	3532	3534	3630	3867
"785"	" 3980"	4756	NA	NA	NA	NA	NA	NA	NA	NA
"786"	"cell projection organization"	2	8	20	112	127	140	150	153	191
"787"	" 193"	202	215	237	244	256	312	330	338	340
"788"	" 361"	392	529	584	594	1077	1096	1098	1121	1125
"789"	" 1341"	1653	1799	1944	2145	2557	3241	3307	3390	3508
"790"	" 3532"	3534	3543	3630	3867	4410	4756	5764	12392	13322
"791"	" 13323"	13327	NA	NA	NA	NA	NA	NA	NA	NA
"792"	"actin filament-based process"	18	93	109	115	153	215	245	298	330
"793"	" 494"	531	571	589	971	1077	1096	1098	1121	1125
"794"	" 1341"	2578	3241	3307	3390	3508	3532	3534	3630	3867
"795"	" 3980"	4756	NA	NA	NA	NA	NA	NA	NA	NA
"796"	"regulation of transmembrane transporter activity"	21	151	584	1098	3534	NA	NA	NA	NA
"797"	"positive regulation of cell migration"	153	215	302	330	392	401	584	748	993
"798"	" 1098"	2533	3307	3508	3534	3630	4393	4402	4407	4520
"799"	" 12392"	NA	NA	NA	NA	NA	NA	NA	NA	NA
"800"	"regulation of cell migration"	153	208	215	278	302	330	392	401	462
"801"	" 517"	584	748	993	1098	1431	2533	3307	3508	3532
"802"	" 3534"	3630	4074	4393	4402	4403	4407	4410	4520	11572
"803"	" 11576"	12391	12392	NA	NA	NA	NA	NA	NA	NA
"804"	"lipid modification"	24	48	53	69	81	82	89	93	98
"805"	" 133"	134	150	153	156	160	183	215	220	222
"806"	" 241"	244	314	353	392	433	436	488	584	618
"807"	" 784"	800	966	1014	1041	1070	1077	1096	1098	1121
"808"	" 1125"	1502	1526	1615	2044	2085	2366	2431	2533	2548
"809"	" 2578"	2627	2628	2702	2758	3080	3118	3241	3307	3366
"810"	" 3373"	3508	3534	3886	3887	3888	3889	3890	3891	3892
"811"	" 3893"	3894	3895	3896	3897	3898	3899	3900	3901	3902
"812"	" 3903"	3904	3906	3907	3951	4028	4029	4030	4031	4038
"813"	" 4043"	4107	4108	4176	4402	4407	4410	4422	4424	4425
"814"	" 4426"	4618	5163	5615	5761	9349	11521	11522	11523	11524
"815"	" 11525"	11526	11527	11528	12359	13050	13051	13054	13055	13058
"816"	" 13059"	13262	13295	13296	13304	13305	13916	13917	13918	NA
"817"	"B cell differentiation"	208	278	517	584	1098	3534	4074	NA	NA
"818"	"neuron differentiation"	2	19	21	26	66	80	112	127	137
"819"	" 140"	150	153	191	193	215	237	244	256	304
"820"	" 312"	330	335	340	353	361	392	488	529	584
"821"	" 594"	695	842	1077	1096	1098	1121	1125	1341	1405
"822"	" 1653"	1799	1944	2145	2557	3241	3307	3390	3508	3532
"823"	" 3534"	3543	3630	3867	3983	4410	4549	4756	5764	12242
"824"	" 12392"	12702	12977	13322	13323	13327	13385	NA	NA	NA
"825"	"regulation of nucleotide catabolic process"	109	115	140	194	252	353	392	531	584
"826"	" 695"	714	842	926	971	1098	1125	3307	3508	3534
"827"	" 3980"	12242	13385	NA	NA	NA	NA	NA	NA	NA
"828"	"negative regulation of cell projection organization"	312	340	1077	1096	1098	1121	1799	3307	3508
"829"	" 3534"	4410	NA	NA	NA	NA	NA	NA	NA	NA
"830"	"regulation of cell projection organization"	112	312	340	1077	1096	1098	1121	1125	1653
"831"	" 1799"	3307	3508	3534	4410	NA	NA	NA	NA	NA
"832"	"regulation of cellular catabolic process"	8	15	24	25	35	46	51	81	93
"833"	" 95"	109	110	115	124	140	150	193	194	231
"834"	" 252"	261	353	392	531	574	584	604	605	695
"835"	" 714"	842	926	971	1098	1125	2366	2578	3307	3508
"836"	" 3534"	3620	3662	3959	3965	3980	4403	4410	12242	13385
"837"	"negative regulation of cellular biosynthetic process"	3	6	16	19	20	21	25	29	31
"838"	" 53"	54	57	59	72	87	95	101	113	121
"839"	" 134"	140	149	150	153	155	191	250	261	302
"840"	" 324"	401	454	509	529	574	584	604	605	629
"841"	" 708"	789	842	1004	1077	1090	1096	1098	1121	1154
"842"	" 1355"	1798	2145	2386	2856	2866	3241	3307	3508	3534
"843"	" 3867"	3900	3991	3992	3993	3994	3996	4089	4090	4091
"844"	" 4396"	4453	4522	4589	10595	10596	14584	14585	14586	14667
"845"	"neuron projection development"	2	112	127	140	150	153	191	193	215
"846"	" 237"	244	256	312	330	340	361	392	529	584
"847"	" 594"	1077	1096	1098	1121	1125	1341	1653	1799	1944
"848"	" 2145"	2557	3241	3307	3390	3508	3532	3534	3543	3630
"849"	" 3867"	4410	4756	5764	12392	13322	13323	13327	NA	NA
"850"	"forebrain development"	26	33	66	80	82	127	140	183	237
"851"	" 256"	269	304	335	353	361	386	488	495	548
"852"	" 584"	585	594	610	695	1026	1040	1098	1623	1798
"853"	" 1937"	1944	2914	3020	3103	3307	3508	3534	3543	3815
"854"	" 3913"	3916	3983	4066	4067	4068	4069	4070	4071	4089
"855"	" 4090"	4091	4108	4111	4112	4113	4114	4115	4307	4308
"856"	" 4410"	4549	5163	5292	5761	5762	5764	8985	12242	12702
"857"	" 12977"	13296	13300	13322	13323	13327	13385	NA	NA	NA
"858"	"positive regulation of protein modification process"	2	19	21	49	53	54	62	137	140
"859"	" 148"	150	153	162	191	215	302	330	332	392
"860"	" 427"	509	529	584	748	842	993	1042	1052	1098
"861"	" 1341"	2203	2533	3241	3307	3390	3532	3534	3630	3867
"862"	" 3900"	3962	4407	4410	4520	4756	NA	NA	NA	NA
"863"	"regulation of Ras GTPase activity"	353	392	584	695	1125	3307	3508	3534	12242
"864"	" 13385"	NA	NA	NA	NA	NA	NA	NA	NA	NA
"865"	"positive regulation of cellular protein metabolic process"	2	19	21	25	49	53	54	62	95
"866"	" 137"	140	148	150	153	162	191	215	302	330
"867"	" 332"	392	427	509	529	584	605	748	842	993
"868"	" 1042"	1052	1094	1098	1341	2203	2533	3241	3307	3390
"869"	" 3532"	3534	3630	3867	3900	3962	4407	4410	4520	4756
"870"	"activation of protein kinase activity"	2	137	140	153	215	330	427	529	584
"871"	" 842"	1098	1341	3241	3307	3390	3532	3534	3630	3867
"872"	" 4410"	4756	NA	NA	NA	NA	NA	NA	NA	NA
"873"	"response to magnesium ion"	15	103	584	1098	3534	3959	3980	NA	NA
"874"	"negative regulation of neuron projection development"	312	340	1077	1096	1098	1121	1799	3307	3508
"875"	"regulation of neuron projection development"	112	312	340	1077	1096	1098	1121	1125	1653
"876"	" 1799"	3307	3508	3534	4410	NA	NA	NA	NA	NA
"877"	"regulation of metal ion transport"	21	60	151	153	215	309	330	401	493
"878"	" 584"	1077	1096	1098	1121	1341	3241	3307	3390	3532
"879"	" 3534"	3630	3867	4376	4393	4756	NA	NA	NA	NA
"880"	"cellular component assembly involved in morphogenesis"	109	191	1125	2145	2646	3307	3508	3534	NA
"881"	"positive regulation of phospholipase C activity"	2	20	140	529	584	842	1098	3534	NA
"882"	"cell growth"	2	3	6	8	15	16	22	29	35
"883"	" 44"	53	54	57	59	61	72	73	79	95
"884"	" 101"	102	103	110	128	149	150	153	191	202
"885"	" 215"	244	273	283	291	302	339	341	392	424
"886"	" 425"	426	438	453	487	509	574	584	636	748
"887"	" 788"	789	842	993	1004	1098	1175	1176	1177	1315
"888"	" 1404"	1630	1798	1876	2533	2790	2949	3307	3508	3534
"889"	" 3867"	3949	3959	3980	4036	4089	4090	4091	4206	4402
"890"	" 4520"	4676	10319	12267	12269	13343	13909	13910	13912	13913
"891"	" 13914"	NA	NA	NA	NA	NA	NA	NA	NA	NA
"892"	"Wnt receptor signaling pathway"	392	584	1098	2533	3534	4407	4410	NA	NA
"893"	"cellular membrane organization"	109	150	153	183	215	244	324	330	1029
"894"	" 1051"	1077	1096	1098	1121	1125	1341	1446	1470	1498
"895"	" 1509"	2646	2966	3241	3307	3390	3508	3532	3534	3630
"896"	" 3794"	3795	3796	3867	4019	4020	4409	4410	4756	6677
"897"	" 9349"	11571	11572	12524	12650	14667	14670	NA	NA	NA
"898"	"cell migration"	26	51	52	60	66	124	137	153	208
"899"	" 215"	238	278	302	304	309	326	330	392	401
"900"	" 462"	488	493	506	517	584	748	848	993	1098
"901"	" 1125"	1341	1343	1405	1431	1798	2533	2910	3241	3307
"902"	" 3390"	3508	3532	3534	3620	3630	3662	3867	3923	3965
"903"	" 3983"	4074	4089	4090	4091	4155	4376	4393	4402	4403
"904"	" 4407"	4410	4520	4549	4756	11311	11572	11576	11605	11606
"905"	" 11607"	12391	12392	12702	12977	NA	NA	NA	NA	NA
"906"	"regulation of striated muscle tissue development"	584	1098	2145	3534	4524	NA	NA	NA	NA
"907"	"regulation of calcium ion-dependent exocytosis"	52	238	584	1098	3534	NA	NA	NA	NA
"908"	"calcium ion-dependent exocytosis"	52	238	584	1098	3534	NA	NA	NA	NA
"909"	"transmission of nerve impulse"	2	3	6	14	20	25	26	33	42
"910"	" 49"	60	62	69	76	77	80	82	93	97
"911"	" 109"	112	113	132	137	140	149	150	158	191
"912"	" 213"	215	218	227	244	253	269	309	316	335
"913"	" 364"	374	401	405	446	493	495	505	506	513
"914"	" 529"	531	580	584	586	698	703	718	732	733
"915"	" 842"	850	928	930	1017	1026	1044	1055	1098	1125
"916"	" 1405"	1571	1573	1653	1787	2131	2145	2164	2256	2336
"917"	" 2578"	2588	2646	2910	2914	3103	3307	3508	3534	3809
"918"	" 3810"	3913	3916	3920	3921	3923	3924	3947	4107	4108
"919"	" 4111"	4112	4113	4114	4115	4117	4118	4119	4123	4146
"920"	" 4147"	4148	4149	4150	4151	4163	4175	4307	4376	4377
"921"	" 4393"	4410	4413	4426	4521	4522	4523	5694	13316	13317
"922"	" 13320"	NA	NA	NA	NA	NA	NA	NA	NA	NA
"923"	"regulation of nucleobase-containing compound metabolic process"	2	3	6	8	15	19	20	21	22
"924"	" 25"	35	39	44	46	60	61	63	72	73
"925"	" 79"	95	102	109	110	115	128	137	140	149
"926"	" 151"	153	191	193	194	202	215	252	273	283
"927"	" 302"	309	322	323	330	339	341	342	343	353
"928"	" 392"	401	424	425	426	438	453	462	487	493
"929"	" 505"	509	529	531	537	574	575	584	605	636
"930"	" 695"	714	748	788	842	926	971	993	1077	1096
"931"	" 1098"	1121	1125	1154	1175	1176	1177	1341	1405	1431
"932"	" 1630"	1727	1798	1876	2508	2533	2694	3241	3307	3390
"933"	" 3508"	3532	3534	3630	3867	3949	3980	4089	4090	4091
"934"	" 4152"	4206	4376	4407	4410	4520	4756	10319	11572	12242
"935"	" 13343"	13369	13370	13385	NA	NA	NA	NA	NA	NA
"936"	"calcium-mediated signaling"	153	194	208	215	252	278	302	330	517
"937"	" 584"	714	748	926	993	1098	1341	3241	3307	3390
"938"	" 3532"	3534	3630	3867	4074	4520	4756	NA	NA	NA
"939"	"multicellular organismal signaling"	2	3	6	14	20	25	26	33	42
"940"	" 49"	60	62	69	76	77	80	82	93	97
"941"	" 109"	112	113	132	137	140	149	150	158	191
"942"	" 213"	215	218	227	244	253	269	309	316	335
"943"	" 364"	374	401	405	446	493	495	505	506	513
"944"	" 529"	531	580	584	586	698	703	718	732	733
"945"	" 842"	850	928	930	1017	1026	1044	1055	1098	1125
"946"	" 1405"	1571	1573	1653	1787	2131	2145	2164	2256	2336
"947"	" 2578"	2588	2646	2910	2914	3103	3307	3508	3534	3809
"948"	" 3810"	3913	3916	3920	3921	3923	3924	3947	4107	4108
"949"	" 4111"	4112	4113	4114	4115	4117	4118	4119	4123	4146
"950"	" 4147"	4148	4149	4150	4151	4163	4175	4307	4376	4377
"951"	" 4393"	4410	4413	4426	4521	4522	4523	5694	13316	13317
"952"	" 13320"	NA	NA	NA	NA	NA	NA	NA	NA	NA
"953"	"regulation of meiosis"	20	140	529	584	842	1098	3534	NA	NA
"954"	"positive regulation of locomotion"	93	153	215	302	330	392	401	584	748
"955"	" 993"	1098	2533	2578	3307	3508	3534	3630	4393	4402
"956"	" 4407"	4520	12392	NA	NA	NA	NA	NA	NA	NA
"957"	"regulation of locomotion"	93	153	208	215	278	302	330	392	401
"958"	" 462"	517	584	748	993	1098	1431	2533	2578	3307
"959"	" 3508"	3532	3534	3630	4074	4393	4402	4403	4407	4410
"960"	" 4520"	11572	11576	12391	12392	NA	NA	NA	NA	NA
"961"	"locomotion"	26	51	52	60	66	93	115	124	137
"962"	" 153"	162	174	208	210	215	231	238	278	302
"963"	" 304"	309	326	330	392	401	462	488	493	506
"964"	" 517"	584	608	708	748	848	993	1042	1098	1125
"965"	" 1341"	1343	1405	1431	1798	2203	2533	2578	2910	3241
"966"	" 3307"	3390	3508	3532	3534	3620	3630	3662	3867	3923
"967"	" 3962"	3965	3983	4074	4089	4090	4091	4155	4376	4393
"968"	" 4402"	4403	4407	4410	4520	4549	4756	5765	9349	9526
"969"	" 10319"	11311	11572	11576	11605	11606	11607	12391	12392	12702
"970"	" 12977"	NA	NA	NA	NA	NA	NA	NA	NA	NA
"971"	"regulation of growth"	2	3	6	8	15	16	22	26	29
"972"	" 35"	40	44	46	53	54	57	59	61	72
"973"	" 73"	79	91	95	101	102	110	114	115	128
"974"	" 149"	150	153	202	215	226	244	268	273	283
"975"	" 291"	295	302	326	339	341	424	425	426	438
"976"	" 453"	487	574	584	616	636	748	788	789	842
"977"	" 993"	1004	1098	1175	1176	1177	1315	1404	1630	1876
"978"	" 2533"	2790	2949	3307	3508	3534	3867	3949	3959	3980
"979"	" 3984"	4036	4206	4402	4403	4410	4520	4676	10319	11576
"980"	" 12267"	12269	13343	13909	13910	13912	13913	13914	NA	NA
"981"	"growth"	2	3	6	8	15	16	22	26	29
"982"	" 35"	37	40	44	46	51	53	54	57	59
"983"	" 61"	72	73	79	91	95	101	102	103	110
"984"	" 112"	114	115	124	128	149	150	153	183	185
"985"	" 191"	202	215	226	244	261	268	269	273	283
"986"	" 291"	295	302	316	326	339	341	342	343	353
"987"	" 392"	401	424	425	426	436	438	453	487	495
"988"	" 509"	534	574	584	604	616	636	748	788	789
"989"	" 842"	923	993	1004	1029	1098	1175	1176	1177	1315
"990"	" 1404"	1630	1653	1798	1876	2533	2790	2949	3307	3508
"991"	" 3534"	3620	3662	3867	3913	3916	3949	3959	3965	3980
"992"	" 3984"	4036	4089	4090	4091	4206	4393	4402	4403	4410
"993"	" 4520"	4676	6677	10319	11576	12267	12269	12523	12524	12526
"994"	" 13343"	13909	13910	13912	13913	13914	NA	NA	NA	NA
"995"	"taxis"	153	162	174	210	215	330	392	584	608
"996"	" 1042"	1098	1125	1341	2203	3241	3307	3390	3508	3532
"997"	" 3534"	3630	3867	3962	4410	4756	5765	9349	9526	10319
"998"	" 12391"	12392	NA	NA	NA	NA	NA	NA	NA	NA
"999"	"positive regulation of phosphorylation"	2	49	53	54	62	137	140	148	150
"1000"	" 153"	162	215	330	332	392	427	529	584	842
"1001"	" 1042"	1098	1341	2203	2533	3241	3307	3390	3532	3534
"1002"	" 3630"	3867	3900	3962	4407	4410	4756	NA	NA	NA
"1003"	"purine nucleoside metabolic process"	2	8	10	15	19	20	21	24	35
"1004"	" 36"	37	44	55	61	71	73	79	81	95
"1005"	" 102"	103	104	110	127	128	140	143	149	154
"1006"	" 166"	202	208	209	210	234	237	248	256	273
"1007"	" 278"	283	312	330	336	338	339	340	341	342
"1008"	" 353"	361	363	392	394	423	424	425	426	438
"1009"	" 487"	517	584	594	636	695	745	774	788	789
"1010"	" 842"	1004	1007	1047	1094	1098	1125	1175	1176	1177
"1011"	" 1478"	1944	2431	2493	2556	2719	3110	3131	3209	3307
"1012"	" 3331"	3373	3508	3534	3543	3566	3727	4074	4319	4366
"1013"	" 4367"	4542	4618	5764	12242	13322	13323	13326	13327	13385
"1014"	"ribonucleoside catabolic process"	8	44	104	127	140	143	149	208	237
"1015"	" 248"	256	278	283	312	353	361	363	392	438
"1016"	" 487"	517	584	594	695	788	842	1098	1125	1478
"1017"	" 1944"	2493	3307	3508	3534	3543	3727	4074	4319	4366
"1018"	" 4367"	4542	4582	5764	10319	12242	13322	13323	13327	13343
"1019"	" 13385"	NA	NA	NA	NA	NA	NA	NA	NA	NA
"1020"	"regulation of GTPase activity"	353	392	584	695	1098	1125	3307	3508	3534
"1021"	" 12242"	13385	NA	NA	NA	NA	NA	NA	NA	NA
"1022"	"negative regulation of programmed cell death"	2	3	6	8	15	20	22	24	25
"1023"	" 35"	40	41	44	49	51	53	54	60	61
"1024"	" 73"	79	91	95	98	102	110	124	128	133
"1025"	" 140"	148	149	150	162	183	202	208	215	244
"1026"	" 273"	278	302	309	322	323	339	341	424	425
"1027"	" 426"	453	462	493	505	517	529	575	584	605
"1028"	" 616"	636	745	748	774	793	842	993	1029	1042
"1029"	" 1051"	1098	1161	1175	1176	1177	1431	1446	1470	1498
"1030"	" 1509"	1526	1615	1630	1727	1876	1895	2085	2203	2508
"1031"	" 2627"	2694	2966	3307	3508	3534	3620	3662	3794	3795
"1032"	" 3796"	3887	3889	3891	3893	3895	3897	3898	3902	3949
"1033"	" 3962"	3965	4019	4020	4074	4152	4206	4376	4402	4403
"1034"	" 4410"	4520	5077	5761	6677	8927	9376	11539	11544	11572
"1035"	" 11592"	11593	11600	11601	11604	11605	11608	11609	11610	11611
"1036"	" 11612"	11614	11616	11617	11618	11621	11623	11624	11627	12524
"1037"	" 12650"	13369	13370	NA	NA	NA	NA	NA	NA	NA
"1038"	"regulation of MAP kinase activity"	51	63	95	140	153	191	215	330	509
"1039"	" 584"	842	1052	1077	1096	1098	1121	1161	1341	1876
"1040"	" 1895"	3241	3307	3390	3532	3534	3630	3867	4410	4756
"1041"	" 5077"	5761	8927	9376	11539	11544	11592	11593	11600	11601
"1042"	" 11604"	11605	11608	11609	11610	11611	11612	11614	11616	11617
"1043"	" 11618"	11621	11623	11624	11627	NA	NA	NA	NA	NA
"1044"	"positive regulation of MAP kinase activity"	140	153	215	330	584	842	1098	1341	3241
"1045"	" 3307"	3390	3532	3534	3630	3867	4410	4756	NA	NA
"1046"	"positive regulation of ion transport"	21	151	153	215	330	584	1098	1341	3241
"1047"	" 3307"	3390	3532	3534	3630	3867	4756	NA	NA	NA
"1048"	"regulation of ion transport"	21	60	151	153	215	309	330	401	493
"1049"	" 584"	1077	1096	1098	1121	1341	3241	3307	3390	3532
"1050"	" 3534"	3630	3867	4376	4393	4756	NA	NA	NA	NA
"1051"	"regulation of blood vessel endothelial cell migration"	215	401	584	1098	3534	4393	NA	NA	NA
"1052"	"positive regulation of blood vessel endothelial cell migration"	215	401	584	1098	3534	4393	NA	NA	NA
"1053"	"positive regulation of transporter activity"	584	1098	1798	3534	4089	4090	4091	NA	NA
"1054"	"regulation of transporter activity"	21	151	584	1098	1798	3534	4089	4090	4091
"1055"	"regulation of ion transmembrane transporter activity"	21	151	584	1098	3534	NA	NA	NA	NA
"1056"	"regulation of interleukin-12 production"	59	250	584	1098	3534	NA	NA	NA	NA
"1057"	"interleukin-12 production"	59	250	584	1098	3534	NA	NA	NA	NA
"1058"	"regulation of cellular component size"	18	245	298	494	571	589	3307	3508	3534
"1059"	" 4410"	NA	NA	NA	NA	NA	NA	NA	NA	NA
"1060"	"inositol phosphate biosynthetic process"	584	1098	1132	3534	9350	NA	NA	NA	NA
"1061"	"inositol trisphosphate metabolic process"	584	1077	1096	1098	1121	1132	3415	3448	3534
"1062"	"cell part morphogenesis"	2	8	15	35	46	110	112	127	140
"1063"	" 153"	191	215	237	256	330	361	529	584	594
"1064"	" 1098"	1125	1341	1653	1799	1944	2145	3241	3307	3390
"1065"	" 3508"	3532	3534	3543	3630	3867	4410	4756	5764	13322
"1066"	" 13323"	13327	NA	NA	NA	NA	NA	NA	NA	NA
"1067"	"cellular component morphogenesis"	2	8	15	35	46	109	110	112	115
"1068"	" 127"	137	140	153	183	191	215	237	256	330
"1069"	" 361"	529	531	584	594	971	1068	1098	1125	1341
"1070"	" 1405"	1653	1798	1799	1944	2044	2145	2646	3241	3307
"1071"	" 3390"	3424	3508	3532	3534	3543	3630	3867	3980	4410
"1072"	" 4756"	5764	13322	13323	13327	NA	NA	NA	NA	NA
"1073"	"regulation of localization"	3	6	14	16	20	21	25	26	29
"1074"	" 31"	37	40	44	52	53	54	57	59	60
"1075"	" 75"	84	90	91	93	95	101	112	137	140
"1076"	" 149"	150	151	153	155	158	160	162	208	215
"1077"	" 217"	238	244	261	267	278	302	309	311	314
"1078"	" 330"	332	374	392	397	401	427	446	462	493
"1079"	" 505"	506	517	529	580	584	601	604	616	698
"1080"	" 703"	748	789	842	974	993	1004	1014	1037	1042
"1081"	" 1055"	1077	1096	1098	1121	1125	1223	1341	1431	1571
"1082"	" 1573"	1653	1783	1798	1908	2164	2203	2366	2533	2578
"1083"	" 2627"	2759	2910	2914	2925	3103	3241	3307	3366	3390
"1084"	" 3471"	3508	3532	3534	3630	3698	3809	3867	3959	3962
"1085"	" 3980"	4074	4089	4090	4091	4108	4112	4114	4117	4118
"1086"	" 4119"	4146	4148	4149	4150	4151	4223	4225	4307	4376
"1087"	" 4377"	4393	4402	4403	4407	4410	4425	4426	4520	4756
"1088"	" 5694"	11523	11572	11576	12391	12392	13316	13317	13320	NA
"1089"	"regulation of homeostatic process"	3	6	11	25	37	40	44	60	91
"1090"	" 95"	149	153	208	215	278	309	330	401	493
"1091"	" 517"	584	605	616	842	1098	1182	1223	1341	3241
"1092"	" 3307"	3390	3532	3534	3630	3867	4074	4223	4225	4376
"1093"	" 4393"	4402	4756	NA	NA	NA	NA	NA	NA	NA
"1094"	"regulation of GTP catabolic process"	140	353	392	584	695	842	1098	1125	3307
"1095"	" 3508"	3534	12242	13385	NA	NA	NA	NA	NA	NA
"1096"	"regulation of purine nucleotide catabolic process"	109	115	140	194	252	353	392	531	584
"1097"	" 695"	714	842	926	971	1098	1125	3307	3508	3534
"1098"	" 3980"	12242	13385	NA	NA	NA	NA	NA	NA	NA
"1099"	"positive regulation of kinase activity"	2	49	53	54	62	137	140	148	150
"1100"	" 153"	215	330	332	427	529	584	601	842	1098
"1101"	" 1341"	3241	3307	3390	3532	3534	3630	3867	3900	3959
"1102"	" 4410"	4756	NA	NA	NA	NA	NA	NA	NA	NA
"1103"	"nucleobase-containing compound catabolic process"	2	3	8	14	15	16	20	22	24
"1104"	" 29"	35	36	37	41	44	48	51	53	54
"1105"	" 55"	57	59	61	73	79	97	101	102	103
"1106"	" 104"	109	110	114	115	124	127	132	140	143
"1107"	" 149"	154	174	194	208	210	234	237	248	252
"1108"	" 256"	273	278	283	285	312	316	338	340	341
"1109"	" 342"	344	353	361	362	363	392	402	423	425
"1110"	" 438"	487	517	529	531	575	584	594	608	609
"1111"	" 632"	695	714	767	788	789	791	811	842	926
"1112"	" 971"	1004	1019	1047	1098	1111	1125	1176	1478	1944
"1113"	" 2115"	2493	3307	3508	3534	3543	3620	3662	3727	3790
"1114"	" 3821"	3954	3955	3965	3980	4074	4152	4319	4366	4367
"1115"	" 4403"	4542	4581	4582	5606	5764	5765	9526	10319	10630
"1116"	" 12242"	13076	13078	13079	13081	13082	13083	13321	13322	13323
"1117"	" 13325"	13327	13338	13339	13340	13341	13343	13385	NA	NA
"1118"	"regulation of ion transmembrane transport"	21	151	584	1098	3534	NA	NA	NA	NA
"1119"	"purine nucleotide metabolic process"	2	3	6	8	14	15	20	22	24
"1120"	" 35"	36	44	51	55	60	61	62	63	72
"1121"	" 73"	79	95	97	99	102	103	104	109	110
"1122"	" 114"	115	116	124	127	128	132	139	140	143
"1123"	" 149"	154	194	202	208	210	229	234	237	248
"1124"	" 252"	256	273	278	283	285	309	312	316	338
"1125"	" 339"	340	341	342	344	353	361	362	363	392
"1126"	" 415"	423	424	425	426	438	487	493	517	529
"1127"	" 531"	575	584	594	632	636	695	714	788	791
"1128"	" 842"	926	971	1019	1047	1098	1111	1125	1175	1176
"1129"	" 1177"	1478	1876	1944	2450	2493	2647	2932	2962	3110
"1130"	" 3307"	3346	3508	3534	3537	3543	3566	3612	3620	3627
"1131"	" 3662"	3677	3727	3954	3955	3965	3980	4074	4152	4319
"1132"	" 4366"	4367	4376	4403	4542	4581	5606	5764	10630	12242
"1133"	" 13076"	13078	13079	13081	13082	13083	13321	13322	13323	13325
"1134"	" 13326"	13327	13385	NA	NA	NA	NA	NA	NA	NA
"1135"	"purine nucleoside catabolic process"	44	104	127	140	143	149	208	237	248
"1136"	" 256"	278	312	353	361	363	392	487	517	584
"1137"	" 594"	695	842	1098	1125	1478	1944	2493	3307	3508
"1138"	" 3534"	3543	3727	4074	4319	4366	4367	4542	5764	12242
"1139"	" 13322"	13323	13327	13385	NA	NA	NA	NA	NA	NA
"1140"	"regulation of nucleotide metabolic process"	2	20	44	60	63	95	109	115	140
"1141"	" 193"	194	252	283	309	353	392	438	487	493
"1142"	" 529"	531	574	584	695	714	788	842	926	971
"1143"	" 1098"	1125	1876	3307	3508	3534	3980	4376	10319	12242
"1144"	" 13343"	13385	NA	NA	NA	NA	NA	NA	NA	NA
"1145"	"purine nucleotide catabolic process"	14	20	24	36	44	51	55	73	79
"1146"	" 97"	103	104	109	114	115	124	127	132	140
"1147"	" 143"	149	154	194	208	210	234	237	248	252
"1148"	" 256"	273	278	283	285	312	316	338	340	342
"1149"	" 344"	353	361	362	363	392	423	438	487	517
"1150"	" 529"	531	575	584	594	632	695	714	788	791
"1151"	" 842"	926	971	1019	1047	1098	1111	1125	1176	1478
"1152"	" 1944"	2493	3307	3508	3534	3543	3620	3662	3727	3954
"1153"	" 3955"	3965	3980	4074	4152	4319	4366	4367	4403	4542
"1154"	" 4581"	5606	5764	10630	12242	13076	13078	13079	13081	13082
"1155"	" 13083"	13321	13322	13323	13325	13327	13385	NA	NA	NA
"1156"	"GTP catabolic process"	44	140	353	392	584	695	842	1098	1125
"1157"	" 3307"	3508	3534	3727	4366	4367	4542	12242	13385	NA
"1158"	"glycerophospholipid metabolic process"	40	42	53	91	93	94	108	109	112
"1159"	" 134"	150	153	158	185	191	215	220	227	263
"1160"	" 291"	324	326	330	392	397	509	525	541	584
"1161"	" 606"	616	1041	1055	1077	1088	1094	1096	1098	1121
"1162"	" 1125"	1341	1571	2184	2533	2578	2646	2696	2758	2948
"1163"	" 2949"	2981	3004	3080	3118	3241	3243	3307	3390	3413
"1164"	" 3471"	3508	3532	3534	3630	3867	4404	4409	4410	4756
"1165"	" 9349"	12391	12392	14667	14670	NA	NA	NA	NA	NA
"1166"	"phospholipid metabolic process"	40	42	51	53	63	77	90	91	93
"1167"	" 94"	108	109	112	124	126	134	137	150	153
"1168"	" 158"	185	191	215	220	227	230	263	291	302
"1169"	" 321"	324	326	330	333	358	392	394	397	418
"1170"	" 509"	525	541	567	584	606	616	673	748	981
"1171"	" 993"	1013	1041	1055	1077	1088	1094	1096	1098	1121
"1172"	" 1125"	1341	1405	1571	2025	2184	2326	2346	2533	2578
"1173"	" 2646"	2681	2696	2758	2948	2949	2981	3004	3080	3118
"1174"	" 3241"	3243	3307	3390	3413	3471	3508	3532	3534	3630
"1175"	" 3867"	4404	4407	4409	4410	4520	4756	9349	12391	12392
"1176"	" 14666"	14667	14670	NA	NA	NA	NA	NA	NA	NA
"1177"	"acylglycerol metabolic process"	14	24	36	40	51	72	81	91	109
"1178"	" 113"	124	150	153	154	158	165	183	224	244
"1179"	" 261"	263	324	392	397	432	575	584	604	616
"1180"	" 628"	805	848	1055	1066	1098	1502	1571	2043	2044
"1181"	" 2366"	2697	2948	3004	3034	3241	3251	3307	3373	3474
"1182"	" 3508"	3518	3519	3520	3530	3534	3577	3601	3620	3662
"1183"	" 3818"	3867	3871	3911	3922	3951	3965	4152	4229	4230
"1184"	" 4231"	4232	4233	4234	4235	4236	4237	4238	4239	4240
"1185"	" 4241"	4242	4243	4244	4245	4246	4247	4248	4249	4403
"1186"	" 4618"	4753	12359	13917	14616	14667	NA	NA	NA	NA
"1187"	"neutral lipid metabolic process"	14	24	36	40	51	72	81	91	109
"1188"	" 113"	124	150	153	154	158	165	183	224	244
"1189"	" 261"	263	324	392	397	432	575	584	604	616
"1190"	" 628"	805	848	1055	1066	1098	1502	1571	2043	2044
"1191"	" 2366"	2697	2948	3004	3034	3241	3251	3307	3373	3474
"1192"	" 3508"	3518	3519	3520	3530	3534	3577	3601	3620	3662
"1193"	" 3818"	3867	3871	3911	3922	3951	3965	4152	4229	4230
"1194"	" 4231"	4232	4233	4234	4235	4236	4237	4238	4239	4240
"1195"	" 4241"	4242	4243	4244	4245	4246	4247	4248	4249	4403
"1196"	" 4618"	4753	12359	13917	14616	14667	NA	NA	NA	NA
"1197"	"activation of MAPK activity"	140	153	215	330	584	842	1098	1341	3241
"1198"	" 3307"	3390	3532	3534	3630	3867	4410	4756	NA	NA
"1199"	"M phase"	2	8	15	18	20	35	44	61	73
"1200"	" 79"	102	110	128	140	202	245	273	298	339
"1201"	" 341"	424	425	426	494	529	571	584	589	636
"1202"	" 695"	842	1098	1175	1176	1177	1798	3307	3508	3534
"1203"	" 4089"	4090	4091	4410	13381	13383	NA	NA	NA	NA
"1204"	"mitotic cell cycle"	2	8	15	18	35	39	44	49	61
"1205"	" 73"	79	102	110	120	128	138	148	179	202
"1206"	" 228"	245	273	298	302	322	323	339	341	342
"1207"	" 343"	383	392	424	425	426	432	494	571	584
"1208"	" 589"	607	636	748	848	993	1083	1098	1175	1176
"1209"	" 1177"	1343	1727	1798	2386	2508	3307	3508	3534	3816
"1210"	" 3818"	3920	3922	4089	4090	4091	4155	4410	4520	4589
"1211"	" 9504"	11311	11537	11605	11606	11607	13369	13370	NA	NA
"1212"	"G2/M transition of mitotic cell cycle"	584	1098	3307	3508	3534	NA	NA	NA	NA
"1213"	"regulation of cell growth"	2	3	6	8	15	16	22	29	35
"1214"	" 44"	53	54	57	59	61	72	73	79	95
"1215"	" 101"	102	110	128	149	150	153	202	215	244
"1216"	" 273"	283	291	302	339	341	424	425	426	438
"1217"	" 453"	487	574	584	636	748	788	789	842	993
"1218"	" 1004"	1098	1175	1176	1177	1315	1404	1630	1876	2533
"1219"	" 2790"	2949	3307	3508	3534	3867	3949	3959	3980	4036
"1220"	" 4206"	4402	4520	4676	10319	12267	12269	13343	13909	13910
"1221"	" 13912"	13913	13914	NA	NA	NA	NA	NA	NA	NA
"1222"	"cell morphogenesis"	2	109	112	115	127	137	140	153	183
"1223"	" 191"	215	237	256	330	361	529	531	584	594
"1224"	" 971"	1068	1098	1125	1341	1405	1653	1798	1799	1944
"1225"	" 2044"	2145	3241	3307	3390	3424	3508	3532	3534	3543
"1226"	" 3630"	3867	3980	4410	4756	5764	13322	13323	13327	NA
"1227"	"cell morphogenesis involved in differentiation"	2	112	127	137	140	153	215	237	256
"1228"	" 330"	361	529	584	594	1068	1098	1125	1341	1405
"1229"	" 1653"	1798	1799	1944	3241	3307	3390	3424	3508	3532
"1230"	" 3534"	3543	3630	3867	4410	4756	5764	13322	13323	13327
"1231"	"embryonic placenta development"	584	1098	1798	3534	4089	4090	4091	12551	12559
"1232"	"positive regulation of protein phosphorylation"	2	49	53	54	62	137	140	148	150
"1233"	" 153"	162	215	330	332	392	427	529	584	842
"1234"	" 1042"	1098	1341	2203	2533	3241	3307	3390	3532	3534
"1235"	" 3630"	3867	3900	3962	4407	4410	4756	NA	NA	NA
"1236"	"placenta development"	153	185	208	215	278	326	330	401	517
"1237"	" 584"	1098	1315	1341	1404	1798	3241	3307	3390	3532
"1238"	" 3534"	3630	3867	4074	4089	4090	4091	4393	4756	12551
"1239"	" 12559"	NA	NA	NA	NA	NA	NA	NA	NA	NA
"1240"	"ameboidal cell migration"	326	584	993	1098	1125	3534	4520	NA	NA
"1241"	"regulation of immune system process"	2	3	6	8	11	15	20	25	35
"1242"	" 40"	44	46	51	60	61	73	79	91	93
"1243"	" 102"	104	110	128	140	143	147	149	153	162
"1244"	" 202"	208	215	237	240	248	256	273	278	309
"1245"	" 312"	330	339	341	361	363	392	424	425	426
"1246"	" 462"	487	493	517	584	616	636	745	774	842
"1247"	" 1042"	1098	1121	1175	1176	1177	1182	1223	1341	1431
"1248"	" 1478"	1784	1798	1895	2030	2203	2493	2578	2898	3241
"1249"	" 3307"	3390	3508	3532	3534	3630	3867	3962	4074	4089
"1250"	" 4090"	4091	4178	4213	4225	4319	4322	4376	4388	4410
"1251"	" 4515"	4756	11572	12392	NA	NA	NA	NA	NA	NA
"1252"	"negative regulation of leukocyte migration"	208	278	462	517	584	1098	1431	3534	4074
"1253"	" 11572"	NA	NA	NA	NA	NA	NA	NA	NA	NA
"1254"	"regulation of leukocyte migration"	208	278	462	517	584	1098	1431	3307	3508
"1255"	" 3534"	4074	11572	NA	NA	NA	NA	NA	NA	NA
"1256"	"positive regulation of immune system process"	2	3	6	20	40	44	46	60	61
"1257"	" 73"	91	93	104	143	149	153	162	208	215
"1258"	" 237"	248	256	278	309	312	330	361	363	392
"1259"	" 462"	487	493	517	584	616	745	774	1042	1098
"1260"	" 1121"	1341	1431	1478	2203	2493	2578	3241	3307	3390
"1261"	" 3508"	3532	3534	3630	3867	3962	4074	4319	4376	4410
"1262"	" 4756"	11572	12392	NA	NA	NA	NA	NA	NA	NA
"1263"	"mature B cell differentiation"	208	278	517	584	1098	3534	4074	NA	NA
"1264"	"mature B cell differentiation involved in immune response"	208	278	517	584	1098	3534	4074	NA	NA
"1265"	"B cell activation involved in immune response"	208	278	517	584	1098	3534	4074	NA	NA
"1266"	"immune effector process"	40	60	91	153	208	215	278	309	330
"1267"	" 392"	462	493	506	517	584	616	1098	1341	1431
"1268"	" 1798"	2910	3241	3307	3390	3532	3534	3630	3867	4074
"1269"	" 4089"	4090	4091	4376	4410	4756	11572	12392	NA	NA
"1270"	"lymphocyte activation involved in immune response"	208	278	517	584	1098	3534	4074	NA	NA
"1271"	"nucleoside metabolic process"	2	8	10	15	19	20	21	22	24
"1272"	" 35"	36	37	41	44	48	55	61	62	71
"1273"	" 73"	79	81	95	97	102	103	104	110	114
"1274"	" 115"	116	127	128	140	143	149	154	165	166
"1275"	" 174"	202	208	209	210	234	237	248	256	273
"1276"	" 278"	279	283	312	317	330	336	338	339	340
"1277"	" 341"	342	343	353	361	363	392	394	402	410
"1278"	" 423"	424	425	426	438	487	517	584	594	608
"1279"	" 609"	636	695	745	774	788	789	811	842	979
"1280"	" 1004"	1007	1047	1094	1098	1125	1175	1176	1177	1478
"1281"	" 1944"	1960	2115	2431	2450	2493	2556	2719	3110	3131
"1282"	" 3209"	3249	3307	3331	3373	3508	3534	3543	3566	3727
"1283"	" 3790"	3821	4074	4319	4366	4367	4542	4582	4618	5764
"1284"	" 5765"	9526	10319	12242	13322	13323	13326	13327	13338	13339
"1285"	" 13340"	13341	13342	13343	13385	NA	NA	NA	NA	NA
"1286"	"ribonucleoside metabolic process"	2	8	10	15	19	20	21	24	35
"1287"	" 36"	37	44	55	61	71	73	79	81	95
"1288"	" 102"	103	104	110	127	128	140	143	149	154
"1289"	" 166"	202	208	209	210	234	237	248	256	273
"1290"	" 278"	283	312	330	336	338	339	340	341	342
"1291"	" 353"	361	363	392	394	423	424	425	426	438
"1292"	" 487"	517	584	594	636	695	745	774	788	789
"1293"	" 842"	1004	1007	1047	1094	1098	1125	1175	1176	1177
"1294"	" 1478"	1944	1960	2431	2493	2556	2719	3110	3131	3209
"1295"	" 3307"	3331	3373	3508	3534	3543	3566	3727	4074	4319
"1296"	" 4366"	4367	4542	4582	4618	5764	5765	10319	12242	13322
"1297"	" 13323"	13326	13327	13341	13343	13385	NA	NA	NA	NA
"1298"	"nucleotide catabolic process"	3	14	15	20	24	36	44	51	55
"1299"	" 73"	79	97	103	104	109	114	115	124	127
"1300"	" 132"	140	143	149	154	194	208	210	234	237
"1301"	" 248"	252	256	273	278	283	285	312	316	338
"1302"	" 340"	342	344	353	361	362	363	392	423	438
"1303"	" 487"	517	529	531	575	584	594	609	632	695
"1304"	" 714"	767	788	791	842	926	971	1019	1047	1098
"1305"	" 1111"	1125	1176	1478	1944	2493	3307	3508	3534	3543
"1306"	" 3620"	3662	3727	3954	3955	3965	3980	4074	4152	4319
"1307"	" 4366"	4367	4403	4542	4581	5606	5764	5765	10630	12242
"1308"	" 13076"	13078	13079	13081	13082	13083	13321	13322	13323	13325
"1309"	" 13327"	13341	13385	NA	NA	NA	NA	NA	NA	NA
"1310"	"purine ribonucleotide catabolic process"	14	20	24	36	44	55	73	79	97
"1311"	" 103"	114	127	132	140	154	208	210	234	237
"1312"	" 256"	273	278	283	285	312	316	338	340	342
"1313"	" 353"	361	362	363	392	423	438	517	584	594
"1314"	" 632"	695	788	791	842	1019	1047	1098	1111	1125
"1315"	" 1176"	1478	1944	2493	3307	3508	3534	3543	3727	3954
"1316"	" 3955"	4319	4366	4367	4542	4581	5764	12242	13322	13323
"1317"	" 13325"	13327	13385	NA	NA	NA	NA	NA	NA	NA
"1318"	"nucleoside catabolic process"	8	20	22	37	41	44	48	55	97
"1319"	" 103"	104	115	127	140	143	149	174	208	210
"1320"	" 234"	237	248	256	278	283	312	338	340	342
"1321"	" 353"	361	363	392	402	423	438	487	517	584
"1322"	" 594"	608	609	695	788	811	842	1047	1098	1125
"1323"	" 1478"	1944	2115	2493	3307	3508	3534	3543	3727	3790
"1324"	" 3821"	4074	4319	4366	4367	4542	4582	5764	5765	9526
"1325"	" 10319"	12242	13322	13323	13327	13338	13339	13340	13341	13343
"1326"	" 13385"	NA	NA	NA	NA	NA	NA	NA	NA	NA
"1327"	"purine nucleoside triphosphate catabolic process"	24	36	44	73	79	97	103	127	132
"1328"	" 140"	154	208	273	278	316	340	353	362	392
"1329"	" 517"	584	594	632	695	791	842	1019	1098	1111
"1330"	" 1125"	1176	3307	3508	3534	3543	3727	3954	3955	4074
"1331"	" 4366"	4367	4542	4581	12242	13325	13385	NA	NA	NA
"1332"	"purine ribonucleotide metabolic process"	2	3	6	8	14	15	20	22	24
"1333"	" 35"	36	44	55	61	62	72	73	79	97
"1334"	" 99"	102	103	109	110	114	115	116	127	128
"1335"	" 132"	140	143	154	202	208	210	234	237	256
"1336"	" 273"	278	283	285	312	316	338	339	340	341
"1337"	" 342"	353	361	362	363	392	415	423	424	425
"1338"	" 426"	438	517	531	584	594	632	636	695	788
"1339"	" 791"	842	971	1019	1047	1098	1111	1125	1175	1176
"1340"	" 1177"	1478	1944	2450	2493	2647	2932	2962	3110	3307
"1341"	" 3346"	3508	3534	3537	3543	3566	3612	3627	3677	3727
"1342"	" 3954"	3955	3980	4319	4366	4367	4542	4581	5764	12242
"1343"	" 13322"	13323	13325	13326	13327	13385	NA	NA	NA	NA
"1344"	"purine nucleoside triphosphate metabolic process"	2	3	6	8	15	20	22	24	35
"1345"	" 36"	44	61	72	73	79	97	102	103	109
"1346"	" 110"	115	127	128	132	140	154	202	208	273
"1347"	" 278"	312	316	338	339	340	341	353	362	392
"1348"	" 424"	425	426	517	531	584	594	632	636	695
"1349"	" 791"	842	971	1019	1098	1111	1125	1175	1176	1177
"1350"	" 3307"	3508	3534	3543	3727	3954	3955	3980	4074	4366
"1351"	" 4367"	4542	4581	12242	13325	13385	NA	NA	NA	NA
"1352"	"nucleoside triphosphate catabolic process"	2	8	15	16	20	24	29	35	36
"1353"	" 44"	53	54	55	57	59	61	73	79	97
"1354"	" 101"	102	103	110	127	132	140	154	208	273
"1355"	" 278"	316	340	341	342	353	362	392	425	517
"1356"	" 584"	594	632	695	789	791	842	1004	1019	1098
"1357"	" 1111"	1125	1176	3307	3508	3534	3543	3727	3954	3955
"1358"	" 4074"	4366	4367	4542	4581	12242	13325	13385	NA	NA
"1359"	"nucleoside triphosphate metabolic process"	2	3	6	8	15	16	20	22	24
"1360"	" 29"	35	36	44	53	54	55	57	59	61
"1361"	" 72"	73	79	97	101	102	103	109	110	115
"1362"	" 127"	128	132	140	154	202	208	273	278	283
"1363"	" 312"	316	322	323	338	339	340	341	342	343
"1364"	" 353"	362	392	424	425	426	438	517	531	584
"1365"	" 594"	632	636	695	789	791	842	971	1004	1019
"1366"	" 1098"	1111	1125	1175	1176	1177	1727	2508	3307	3508
"1367"	" 3534"	3543	3727	3954	3955	3980	4074	4366	4367	4542
"1368"	" 4581"	12242	13325	13341	13342	13369	13370	13385	NA	NA
"1369"	"ribonucleotide catabolic process"	14	15	20	24	36	44	55	73	79
"1370"	" 97"	103	114	127	132	140	154	208	210	234
"1371"	" 237"	256	273	278	283	285	312	316	338	340
"1372"	" 342"	353	361	362	363	392	423	438	517	584
"1373"	" 594"	632	695	788	791	842	1019	1047	1098	1111
"1374"	" 1125"	1176	1478	1944	2493	3307	3508	3534	3543	3727
"1375"	" 3954"	3955	4319	4366	4367	4542	4581	5764	12242	13322
"1376"	" 13323"	13325	13327	13385	NA	NA	NA	NA	NA	NA
"1377"	"ribonucleotide metabolic process"	2	3	6	8	14	15	20	22	24
"1378"	" 35"	36	44	55	61	62	72	73	79	97
"1379"	" 99"	102	103	104	109	110	114	115	116	127
"1380"	" 128"	132	140	143	154	165	174	202	208	210
"1381"	" 234"	237	256	273	278	279	283	285	312	316
"1382"	" 317"	338	339	340	341	342	353	361	362	363
"1383"	" 392"	402	410	415	423	424	425	426	438	517
"1384"	" 531"	584	594	632	636	695	788	791	811	842
"1385"	" 971"	979	1019	1047	1098	1111	1125	1175	1176	1177
"1386"	" 1478"	1944	2450	2493	2647	2932	2962	3110	3307	3346
"1387"	" 3508"	3534	3537	3543	3566	3612	3627	3677	3727	3954
"1388"	" 3955"	3980	4319	4366	4367	4542	4581	5764	5765	12242
"1389"	" 13322"	13323	13325	13326	13327	13338	13341	13342	13385	NA
"1390"	"ribonucleoside triphosphate catabolic process"	24	36	44	73	79	97	103	127	132
"1391"	" 140"	154	273	316	340	353	362	392	584	594
"1392"	" 632"	695	791	842	1019	1098	1111	1125	1176	3307
"1393"	" 3508"	3534	3543	3727	3954	3955	4366	4367	4542	4581
"1394"	" 12242"	13325	13385	NA	NA	NA	NA	NA	NA	NA
"1395"	"purine ribonucleoside triphosphate catabolic process"	24	36	44	73	79	97	103	127	132
"1396"	" 140"	154	273	316	340	353	362	392	584	594
"1397"	" 632"	695	791	842	1019	1098	1111	1125	1176	3307
"1398"	" 3508"	3534	3543	3727	3954	3955	4366	4367	4542	4581
"1399"	" 12242"	13325	13385	NA	NA	NA	NA	NA	NA	NA
"1400"	"purine ribonucleoside triphosphate metabolic process"	2	3	6	8	15	20	22	24	35
"1401"	" 36"	44	61	72	73	79	97	102	103	109
"1402"	" 110"	115	127	128	132	140	154	202	273	316
"1403"	" 338"	339	340	341	353	362	392	424	425	426
"1404"	" 531"	584	594	632	636	695	791	842	971	1019
"1405"	" 1098"	1111	1125	1175	1176	1177	3307	3508	3534	3543
"1406"	" 3727"	3954	3955	3980	4366	4367	4542	4581	12242	13325
"1407"	" 13385"	NA	NA	NA	NA	NA	NA	NA	NA	NA
"1408"	"ribonucleoside triphosphate metabolic process"	2	3	6	8	15	20	22	24	35
"1409"	" 36"	44	55	61	72	73	79	97	102	103
"1410"	" 109"	110	115	127	128	132	140	154	202	273
"1411"	" 283"	316	338	339	340	341	353	362	392	424
"1412"	" 425"	426	438	531	584	594	632	636	695	791
"1413"	" 842"	971	1019	1098	1111	1125	1175	1176	1177	3307
"1414"	" 3508"	3534	3543	3727	3954	3955	3980	4366	4367	4542
"1415"	" 4581"	12242	13325	13341	13342	13385	NA	NA	NA	NA
"1416"	"phospholipid catabolic process"	77	153	158	191	215	330	392	397	509
"1417"	" 584"	1098	1341	1571	2025	3241	3307	3390	3532	3534
"1418"	" 3630"	3867	4756	12391	12392	NA	NA	NA	NA	NA
"1419"	"regulation of catabolic process"	8	15	20	24	25	35	46	51	60
"1420"	" 81"	93	95	109	110	115	124	140	150	153
"1421"	" 193"	194	231	252	261	309	324	353	392	493
"1422"	" 529"	531	574	584	604	605	695	714	842	926
"1423"	" 971"	1098	1125	2366	2578	3241	3307	3508	3534	3620
"1424"	" 3662"	3867	3959	3965	3980	4376	4403	4410	12242	13385
"1425"	" 14667"	NA	NA	NA	NA	NA	NA	NA	NA	NA
"1426"	"negative regulation of biosynthetic process"	3	6	16	19	20	21	25	29	31
"1427"	" 51"	53	54	57	59	72	87	95	101	113
"1428"	" 121"	134	140	149	150	153	155	191	250	261
"1429"	" 302"	324	401	454	509	529	574	584	604	605
"1430"	" 629"	708	789	842	1004	1077	1090	1096	1098	1121
"1431"	" 1154"	1161	1355	1798	1895	2145	2386	2856	2866	3241
"1432"	" 3307"	3508	3534	3867	3900	3991	3992	3993	3994	3996
"1433"	" 4089"	4090	4091	4396	4453	4522	4589	5077	5761	8927
"1434"	" 9376"	10595	10596	11539	11544	11592	11593	11600	11601	11604
"1435"	" 11605"	11608	11609	11610	11611	11612	11614	11616	11617	11618
"1436"	" 11621"	11623	11624	11627	14584	14585	14586	14667	NA	NA
"1437"	"positive regulation of glycoprotein biosynthetic process"	183	584	1098	2044	3534	NA	NA	NA	NA
"1438"	"regulation of glycoprotein biosynthetic process"	183	191	302	584	1098	2044	3534	NA	NA
"1439"	"positive regulation of macromolecule biosynthetic process"	3	6	137	149	153	183	215	261	330
"1440"	" 401"	423	462	537	584	604	1077	1096	1098	1121
"1441"	" 1341"	1405	1431	1798	2044	3241	3307	3390	3532	3534
"1442"	" 3630"	3867	4089	4090	4091	4756	11572	NA	NA	NA
"1443"	"positive regulation of phosphorus metabolic process"	2	49	53	54	62	137	140	148	150
"1444"	" 153"	162	191	215	330	332	392	427	509	529
"1445"	" 584"	842	1042	1052	1098	1341	2203	2533	3241	3307
"1446"	" 3390"	3532	3534	3630	3867	3900	3962	4407	4410	4756
"1447"	"regulation of phospholipase activity"	2	20	140	150	153	215	244	330	529
"1448"	" 584"	842	1098	1341	3241	3307	3390	3532	3534	3630
"1449"	" 3867"	4756	NA	NA	NA	NA	NA	NA	NA	NA
"1450"	"positive regulation of phospholipase activity"	2	20	140	153	215	330	529	584	842
"1451"	" 1098"	1341	3241	3307	3390	3532	3534	3630	3867	4756
"1452"	"regulation of cell morphogenesis involved in differentiation"	112	1653	1799	3307	3508	3534	4410	NA	NA
"1453"	"positive regulation of cell development"	20	49	140	529	842	928	930	1125	3307
"1454"	" 3508"	3534	NA	NA	NA	NA	NA	NA	NA	NA
"1455"	"positive regulation of gene expression"	3	6	19	21	137	149	153	215	330
"1456"	" 353"	401	537	584	695	1077	1096	1098	1121	1341
"1457"	" 1405"	1798	3241	3307	3390	3532	3534	3630	3867	4089
"1458"	" 4090"	4091	4402	4756	11521	11522	11523	11524	11525	11526
"1459"	" 11527"	11528	12242	13381	13383	13385	NA	NA	NA	NA
"1460"	"positive regulation of cell communication"	15	22	40	51	95	103	124	137	140
"1461"	" 153"	162	187	208	215	256	278	330	344	361
"1462"	" 392"	401	427	453	462	517	575	584	616	629
"1463"	" 842"	1042	1098	1121	1154	1315	1404	1431	1630	1798
"1464"	" 1876"	1944	2203	2386	2403	2856	3307	3508	3534	3620
"1465"	" 3630"	3662	3949	3962	3965	4074	4089	4090	4091	4152
"1466"	" 4206"	4393	4396	4403	4410	4589	5606	10595	10596	10630
"1467"	" 11572"	12392	13076	13078	13079	13081	13082	13083	13321	14584
"1468"	" 14585"	14586	NA	NA	NA	NA	NA	NA	NA	NA
"1469"	"positive regulation of endothelial cell migration"	215	392	401	584	1098	2533	3534	4393	4402
"1470"	" 4407"	NA	NA	NA	NA	NA	NA	NA	NA	NA
"1471"	"regulation of endothelial cell migration"	215	392	401	584	1098	2533	3534	4393	4402
"1472"	" 4407"	NA	NA	NA	NA	NA	NA	NA	NA	NA
"1473"	"positive regulation of macromolecule metabolic process"	2	3	6	8	15	19	21	25	35
"1474"	" 44"	46	49	53	54	61	62	73	95	110
"1475"	" 115"	137	140	148	149	150	153	162	183	191
"1476"	" 215"	231	261	302	324	330	332	353	392	401
"1477"	" 423"	427	462	509	529	537	584	604	605	695
"1478"	" 748"	842	993	1042	1052	1077	1094	1096	1098	1121
"1479"	" 1341"	1405	1431	1798	2044	2203	2533	3241	3307	3390
"1480"	" 3508"	3532	3534	3630	3867	3900	3962	4089	4090	4091
"1481"	" 4402"	4407	4410	4520	4756	11521	11522	11523	11524	11525
"1482"	" 11526"	11527	11528	11572	12242	13381	13383	13385	14667	NA
"1483"	"autophagy"	1055	3307	3471	3508	3534	4410	NA	NA	NA
"1484"	"chemotaxis"	153	162	174	210	215	330	392	584	608
"1485"	" 1042"	1098	1125	1341	2203	3241	3307	3390	3508	3532
"1486"	" 3534"	3630	3867	3962	4410	4756	5765	9349	9526	10319
"1487"	" 12391"	12392	NA	NA	NA	NA	NA	NA	NA	NA
"1488"	"cellular component movement"	26	51	52	60	66	93	115	124	137
"1489"	" 153"	191	208	215	231	238	278	302	304	309
"1490"	" 326"	330	392	401	462	488	493	506	517	584
"1491"	" 708"	745	748	774	848	993	1098	1125	1341	1343
"1492"	" 1405"	1431	1798	2145	2533	2578	2910	3241	3307	3390
"1493"	" 3508"	3532	3534	3620	3630	3662	3867	3923	3965	3983
"1494"	" 4074"	4089	4090	4091	4155	4376	4393	4402	4403	4407
"1495"	" 4410"	4520	4549	4756	11311	11572	11576	11605	11606	11607
"1496"	" 12391"	12392	12702	12977	NA	NA	NA	NA	NA	NA
"1497"	"post-Golgi vesicle-mediated transport"	150	244	584	1098	3534	11571	11572	NA	NA
"1498"	"cellular metal ion homeostasis"	3	6	37	60	101	137	140	149	153
"1499"	" 154"	194	215	252	295	309	330	346	393	403
"1500"	" 462"	493	584	647	714	842	926	1098	1341	1405
"1501"	" 1431"	3241	3307	3390	3532	3534	3630	3867	4376	4410
"1502"	" 4756"	11521	11522	11523	11524	11525	11526	11527	11528	11571
"1503"	" 11572"	NA	NA	NA	NA	NA	NA	NA	NA	NA
"1504"	"cellular calcium ion homeostasis"	3	6	60	101	137	140	149	153	194
"1505"	" 215"	252	309	330	346	493	584	647	714	842
"1506"	" 926"	1098	1341	1405	3241	3307	3390	3532	3534	3630
"1507"	" 3867"	4376	4410	4756	11521	11522	11523	11524	11525	11526
"1508"	" 11527"	11528	NA	NA	NA	NA	NA	NA	NA	NA
"1509"	"calcium ion transport"	20	60	140	153	215	309	330	401	493
"1510"	" 529"	584	842	1077	1096	1098	1121	1315	1341	1404
"1511"	" 3241"	3307	3390	3532	3534	3630	3867	4376	4393	4756
"1512"	"cation transport"	3	6	20	21	24	60	81	131	140
"1513"	" 150"	151	153	215	309	330	364	401	493	513
"1514"	" 529"	584	842	1077	1096	1098	1121	1315	1341	1404
"1515"	" 2366"	3241	3307	3373	3390	3532	3534	3630	3810	3867
"1516"	" 4376"	4393	4618	4756	11571	11572	NA	NA	NA	NA
"1517"	"cytoskeleton organization"	18	25	93	99	109	115	153	191	215
"1518"	" 231"	245	298	330	392	411	415	494	531	571
"1519"	" 584"	589	600	971	1077	1096	1098	1121	1125	1341
"1520"	" 2145"	2578	2714	3241	3307	3390	3508	3532	3534	3630
"1521"	" 3867"	3980	4410	4756	12392	NA	NA	NA	NA	NA
"1522"	"cell cycle"	2	8	15	18	20	35	39	44	46
"1523"	" 49"	61	73	79	102	110	120	128	138	140
"1524"	" 148"	162	179	183	191	193	202	215	228	245
"1525"	" 273"	298	302	322	323	338	339	341	342	343
"1526"	" 383"	392	401	424	425	426	432	494	509	529
"1527"	" 571"	584	589	607	636	695	748	842	848	993
"1528"	" 1029"	1042	1051	1055	1083	1098	1175	1176	1177	1315
"1529"	" 1343"	1404	1446	1470	1498	1509	1727	1798	2203	2386
"1530"	" 2508"	2557	2966	3307	3471	3508	3534	3794	3795	3796
"1531"	" 3816"	3818	3920	3922	3962	4019	4020	4089	4090	4091
"1532"	" 4155"	4393	4403	4410	4520	4589	6677	9504	11311	11537
"1533"	" 11576"	11605	11606	11607	12524	12650	13369	13370	13381	13383
"1534"	"organelle organization"	2	8	15	18	19	20	21	22	24
"1535"	" 25"	31	32	35	37	39	41	44	46	48
"1536"	" 49"	51	59	60	61	63	73	79	80	87
"1537"	" 90"	93	95	99	102	103	109	110	115	117
"1538"	" 124"	127	128	137	140	147	150	153	155	160
"1539"	" 164"	174	184	191	202	204	210	215	217	231
"1540"	" 244"	245	250	261	267	273	279	298	309	311
"1541"	" 317"	322	323	330	332	336	339	340	341	392
"1542"	" 411"	415	424	425	426	493	494	529	531	571
"1543"	" 584"	589	594	600	605	608	632	636	695	793
"1544"	" 842"	971	1037	1052	1055	1077	1096	1098	1121	1125
"1545"	" 1175"	1176	1177	1341	1405	1502	1565	1727	1798	1908
"1546"	" 2145"	2259	2360	2363	2368	2508	2578	2714	2898	3206
"1547"	" 3241"	3307	3390	3471	3508	3532	3534	3543	3620	3630
"1548"	" 3662"	3867	3951	3959	3965	3980	4030	4043	4089	4090
"1549"	" 4091"	4365	4376	4403	4409	4410	4581	4618	4756	5765
"1550"	" 9349"	9526	10319	12392	12416	13325	13369	13370	13381	13383
"1551"	" 14482"	14670	NA	NA	NA	NA	NA	NA	NA	NA
"1552"	"synaptic transmission"	2	3	6	14	20	25	26	33	42
"1553"	" 49"	60	62	69	76	77	80	82	93	97
"1554"	" 112"	113	132	140	149	150	158	213	215	218
"1555"	" 227"	244	253	269	309	316	335	364	374	401
"1556"	" 405"	446	493	495	505	506	513	529	531	580
"1557"	" 584"	586	698	703	718	732	733	842	850	1017
"1558"	" 1026"	1044	1055	1098	1125	1571	1573	1653	1787	2131
"1559"	" 2164"	2256	2336	2578	2588	2910	2914	3103	3307	3508
"1560"	" 3534"	3809	3810	3913	3916	3920	3921	3923	3924	3947
"1561"	" 4107"	4108	4111	4112	4113	4114	4115	4117	4118	4119
"1562"	" 4123"	4146	4147	4148	4149	4150	4151	4163	4175	4307
"1563"	" 4376"	4377	4393	4410	4413	4426	5694	13316	13317	13320
"1564"	"elevation of cytosolic calcium ion concentration"	3	6	60	149	153	215	309	330	493
"1565"	" 584"	1098	1341	3241	3307	3390	3532	3534	3630	3867
"1566"	" 4376"	4756	NA	NA	NA	NA	NA	NA	NA	NA
"1567"	"cell-cell signaling"	2	3	6	14	20	25	26	33	40
"1568"	" 42"	49	52	60	62	69	76	77	80	82
"1569"	" 93"	97	112	113	132	140	149	150	158	160
"1570"	" 191"	213	215	218	227	238	244	253	261	269
"1571"	" 309"	314	316	335	364	374	397	401	405	423
"1572"	" 446"	493	495	505	506	509	513	529	531	580
"1573"	" 584"	586	601	604	610	698	703	718	732	733
"1574"	" 805"	842	850	974	1014	1017	1026	1044	1055	1098
"1575"	" 1125"	1571	1573	1653	1787	1798	2131	2164	2256	2336
"1576"	" 2366"	2578	2588	2627	2697	2910	2914	2925	3020	3103
"1577"	" 3307"	3366	3508	3534	3809	3810	3913	3916	3920	3921
"1578"	" 3923"	3924	3947	3959	3980	4089	4090	4091	4107	4108
"1579"	" 4111"	4112	4113	4114	4115	4117	4118	4119	4123	4146
"1580"	" 4147"	4148	4149	4150	4151	4163	4175	4307	4376	4377
"1581"	" 4393"	4410	4413	4425	4426	5694	13316	13317	13320	NA
"1582"	"activation of phospholipase C activity"	2	20	140	529	584	842	1098	3534	NA
"1583"	"axon guidance"	153	215	330	584	1098	1125	1341	3241	3307
"1584"	" 3390"	3532	3534	3630	3867	4756	NA	NA	NA	NA
"1585"	"axonogenesis"	2	112	153	215	330	529	584	1098	1125
"1586"	" 1341"	1653	1799	3241	3307	3390	3508	3532	3534	3630
"1587"	" 3867"	4410	4756	NA	NA	NA	NA	NA	NA	NA
"1588"	"brain development"	24	26	33	41	63	66	80	82	95
"1589"	" 109"	127	140	150	160	183	193	237	244	256
"1590"	" 269"	284	302	304	314	335	336	353	361	364
"1591"	" 386"	488	495	548	584	585	594	610	664	695
"1592"	" 748"	793	966	993	1026	1040	1077	1096	1098	1121
"1593"	" 1125"	1623	1798	1876	1886	1937	1944	2557	2646	2914
"1594"	" 3020"	3103	3307	3508	3534	3543	3809	3815	3913	3916
"1595"	" 3983"	4066	4067	4068	4069	4070	4071	4089	4090	4091
"1596"	" 4108"	4111	4112	4113	4114	4115	4307	4308	4410	4520
"1597"	" 4549"	5163	5292	5761	5762	5764	8985	12242	12702	12977
"1598"	" 13296"	13300	13322	13323	13327	13385	NA	NA	NA	NA
"1599"	"central nervous system development"	24	26	33	41	42	47	49	51	63
"1600"	" 66"	69	80	82	95	97	109	117	127	140
"1601"	" 150"	158	160	183	191	193	227	237	244	253
"1602"	" 256"	269	284	302	304	314	316	335	336	353
"1603"	" 361"	364	386	405	488	495	513	531	548	580
"1604"	" 584"	585	594	610	664	695	718	732	748	793
"1605"	" 832"	850	914	928	930	966	993	1026	1040	1077
"1606"	" 1096"	1098	1121	1125	1161	1623	1787	1798	1876	1886
"1607"	" 1895"	1937	1944	2131	2145	2256	2336	2557	2646	2859
"1608"	" 2914"	3020	3103	3307	3508	3534	3543	3727	3809	3810
"1609"	" 3815"	3913	3916	3983	4066	4067	4068	4069	4070	4071
"1610"	" 4089"	4090	4091	4094	4108	4111	4112	4113	4114	4115
"1611"	" 4146"	4147	4175	4307	4308	4377	4410	4413	4426	4520
"1612"	" 4549"	5077	5163	5292	5761	5762	5764	8927	8985	9376
"1613"	" 11539"	11544	11592	11593	11600	11601	11604	11605	11608	11609
"1614"	" 11610"	11611	11612	11614	11616	11617	11618	11621	11623	11624
"1615"	" 11627"	12242	12702	12977	13296	13300	13322	13323	13327	13381
"1616"	" 13383"	13385	NA	NA	NA	NA	NA	NA	NA	NA
"1617"	"acrosome reaction"	52	238	584	1098	3534	NA	NA	NA	NA
"1618"	"single fertilization"	52	83	137	238	332	584	1098	1405	2145
"1619"	" 3534"	4521	NA	NA	NA	NA	NA	NA	NA	NA
"1620"	"regulation of mitotic cell cycle"	2	8	15	18	35	39	44	49	61
"1621"	" 73"	79	102	110	128	148	202	245	273	298
"1622"	" 302"	339	341	392	424	425	426	432	494	571
"1623"	" 584"	589	636	748	848	993	1083	1175	1176	1177
"1624"	" 1343"	2386	3307	3508	3534	3816	3818	3920	3922	4155
"1625"	" 4410"	4520	4589	9504	11311	11537	11605	11606	11607	NA
"1626"	"learning or memory"	2	20	80	112	140	150	183	215	244
"1627"	" 335"	401	506	529	584	703	842	1026	1083	1098
"1628"	" 1125"	1623	1653	2910	3307	3475	3508	3534	3920	3921
"1629"	" 3923"	3924	4107	4111	4113	4115	4117	4118	4119	4123
"1630"	" 4393"	4410	4676	12268	12269	12357	13911	13912	14582	14587
"1631"	" 14588"	NA	NA	NA	NA	NA	NA	NA	NA	NA
"1632"	"hemostasis"	2	8	15	20	35	44	55	60	61
"1633"	" 73"	79	102	109	110	113	115	127	140	153
"1634"	" 158"	215	309	330	341	342	392	425	493	529
"1635"	" 531"	584	604	842	971	1037	1096	1098	1121	1132
"1636"	" 1341"	1571	1783	3241	3307	3390	3415	3448	3532	3534
"1637"	" 3630"	3698	3867	3959	3980	4376	4410	4756	NA	NA
"1638"	"blood coagulation"	2	8	15	20	35	44	55	60	61
"1639"	" 73"	79	102	109	110	113	115	127	140	153
"1640"	" 158"	215	309	330	341	342	392	425	493	529
"1641"	" 531"	584	842	971	1096	1098	1121	1132	1341	1571
"1642"	" 1783"	3241	3307	3390	3415	3448	3532	3534	3630	3698
"1643"	" 3867"	3980	4376	4410	4756	NA	NA	NA	NA	NA
"1644"	"behavior"	2	14	20	24	25	31	36	55	62
"1645"	" 80"	87	93	97	103	112	127	137	140	143
"1646"	" 150"	183	204	208	213	215	218	227	237	244
"1647"	" 256"	261	269	278	283	316	335	361	374	378
"1648"	" 401"	438	446	495	505	506	517	529	580	584
"1649"	" 594"	610	629	698	703	733	842	1026	1083	1098
"1650"	" 1125"	1405	1573	1623	1653	1908	1937	1944	2164	2366
"1651"	" 2588"	2910	2914	3020	3103	3110	3307	3475	3508	3534
"1652"	" 3543"	3566	3809	3815	3920	3921	3923	3924	4068	4069
"1653"	" 4070"	4071	4074	4107	4108	4111	4112	4113	4114	4115
"1654"	" 4117"	4118	4119	4123	4146	4148	4149	4150	4151	4307
"1655"	" 4377"	4393	4410	4426	4676	5694	5764	12268	12269	12357
"1656"	" 12703"	12978	13316	13317	13320	13322	13323	13327	13341	13342
"1657"	" 13911"	13912	14582	14587	14588	NA	NA	NA	NA	NA
"1658"	"fibroblast growth factor receptor signaling pathway"	2	20	140	187	529	584	842	1098	2403
"1659"	" 3534"	4410	NA	NA	NA	NA	NA	NA	NA	NA
"1660"	"phospholipid biosynthetic process"	40	63	90	91	94	108	109	112	126
"1661"	" 134"	137	150	153	185	191	215	230	263	291
"1662"	" 302"	321	324	326	330	333	358	392	394	418
"1663"	" 509"	525	541	567	584	616	748	981	993	1013
"1664"	" 1041"	1055	1094	1098	1125	1341	1405	2184	2326	2533
"1665"	" 2646"	2696	2758	2948	2949	2981	3004	3080	3118	3241
"1666"	" 3307"	3390	3413	3471	3508	3532	3534	3630	3867	4409
"1667"	" 4410"	4520	4756	9349	12392	14666	14667	14670	NA	NA
"1668"	"GTPase binding"	302	392	584	748	993	1098	3534	4520	NA
"1669"	"nucleoside-triphosphatase regulator activity"	140	353	392	584	695	842	1098	3534	12242
"1670"	" 13385"	NA	NA	NA	NA	NA	NA	NA	NA	NA
"1671"	"regulation of Ras protein signal transduction"	353	392	584	695	1098	1121	1125	3307	3508
"1672"	" 3534"	3959	3980	12242	13385	NA	NA	NA	NA	NA
"1673"	"regulation of developmental growth"	584	1098	3307	3508	3534	NA	NA	NA	NA
"1674"	"positive regulation of developmental growth"	584	1098	3307	3508	3534	NA	NA	NA	NA
"1675"	"positive regulation of growth"	3	6	40	91	149	150	215	244	302
"1676"	" 584"	616	748	993	1098	3307	3508	3534	4402	4520
"1677"	"regulation of small GTPase mediated signal transduction"	353	392	584	695	1098	1121	1125	3307	3508
"1678"	" 3534"	3959	3980	12242	13385	NA	NA	NA	NA	NA
"1679"	"cerebral cortex development"	80	269	335	495	584	610	1098	3020	3307
"1680"	" 3508"	3534	NA	NA	NA	NA	NA	NA	NA	NA
"1681"	"regulation of GTPase activity"	353	392	584	695	1098	1125	3307	3508	3534
"1682"	" 12242"	13385	NA	NA	NA	NA	NA	NA	NA	NA
"1683"	"regulation of GTP catabolic process"	140	353	392	584	695	842	1098	1125	3307
"1684"	" 3508"	3534	12242	13385	NA	NA	NA	NA	NA	NA
"1685"	"GTP catabolic process"	44	140	353	392	584	695	842	1098	1125
"1686"	" 3307"	3508	3534	3727	4366	4367	4542	12242	13385	NA
"1687"	"G2/M transition of mitotic cell cycle"	584	1098	3307	3508	3534	NA	NA	NA	NA
"1688"	"regulation of leukocyte migration"	208	278	462	517	584	1098	1431	3307	3508
"1689"	" 3534"	4074	11572	NA	NA	NA	NA	NA	NA	NA
