"V1"	"V2"	"V3"	"V4"	"V5"
"V1"	0	0	0	0	0
"V2"	0	0	0	0	0
"V3"	0	0	0	0	0
"V4"	0	0	0	0	0
"V5"	0	0	0	0	0
"V6"	0	0	0	0	0
"V7"	0	0	0	0	0
"V8"	0	0	0	0	0
"V9"	0	0	0	0	0
"V10"	0	0	0	0	0
"V11"	0	0	0	0	0
"V12"	0	0	0	0	0
"V13"	0	0	0	0	0
"V14"	0	0	0	0	0
"V15"	0	0	0	0	0
"V16"	0	0	0	0	0
"V17"	0	0	0	0	0
"V18"	0	0	0	0	0
"V19"	0	0	0	0	0
"V20"	0	0	0	0	0
"V21"	0	0	0	0	0
"V22"	0	0	0	0	0
"V23"	0	0	0	0	0
"V24"	0	0	0	0	0
"V25"	0	0	0	0	0
"V26"	0	0	0	0	0
"V27"	0	0	0	0	0
"V28"	0	0	0	0	0
"V29"	0	0	0	0	0
"V30"	0	0	0	0	0
"V31"	0	0	0	0	0
"V32"	0	0	0	0	0
"V33"	0	0	0	0	0
"V34"	0	0	0	0	0
"V35"	0	0	0	0	0
"V36"	0	0	0	0	0
"V37"	0	0	0	0	0
"V38"	0	0	0	0	0
"V39"	0	0	0	0	0
"V40"	0	0	0	0	0
"V41"	0	0	0	0	0
"V42"	0	0	0	0	0
"V43"	0	0	0	0	0
"V44"	0	0	0	0	0
"V45"	0	0	0	0	0
"V46"	0	0	0	0	0
"V47"	0	0	0	0	0
"V48"	0	0	0	0	0
"V49"	0	0	0	0	0
"V50"	0	0	0	0	0
"V51"	0	0	0	0	0
"V52"	0	0	0	0	0
"V53"	0	0	0	0	0
"V54"	0	0	0	0	0
"V55"	0	0	0	0	0
"V56"	0	0	0	0	0
"V57"	0	0	0	0	0
"V58"	0	0	0	0	0
"V59"	0	0	0	0	0
"V60"	0	0	0	0	0
"V61"	0	0	0	0	0
"V62"	0	0	0	0	0
"V63"	0	0	0	0	0
"V64"	0	0	0	0	0
"V65"	0	0	0	0	0
"V66"	0	0	0	0	0
"V67"	0	0	0	0	0
"V68"	0	0	0	0	0
"V69"	0	0	0	0	0
"V70"	0	0	0	0	0
"V71"	0	0	0	0	0
"V72"	0	0	0	0	0
"V73"	0	0	0	0	0
"V74"	0	0	0	0	0
"V75"	0	0	0	0	0
"V76"	0	0	0	0	0
"V77"	0	0	0	0	0
"V78"	0	0	0	0	0
"V79"	0	0	0	0	0
"V80"	0	0	0	0	0
"V81"	0	0	0	0	0
"V82"	0	0	0	0	0
"V83"	0	0	0	0	0
"V84"	0	0	0	0	0
"V85"	0	0	0	0	0
"V86"	0	0	0	0	0
"V87"	0	0	0	0	0
"V88"	0	0	0	0	0
"V89"	0	0	0	0	0
"V90"	0	0	0	0	0
"V91"	0	0	0	0	0
"V92"	0	0	0	0	0
"V93"	0	0	0	0	0
"V94"	0	0	0	0	0
"V95"	0	0	0	0	0
"V96"	0	0	0	0	0
"V97"	0	0	0	0	0
"V98"	0	0	0	0	0
"V99"	0	0	0	0	0
"V100"	0	0	0	0	0
"V101"	0	0	0	0	0
"V102"	0	0	0	0	0
"V103"	0	0	0	0	0
"V104"	0	0	0	0	0
"V105"	0	0	0	0	0
"V106"	0	0	0	0	0
"V107"	0	0	0	0	0
"V108"	0	0	0	0	0
"V109"	0	0	0	0	0
"V110"	0	0	0	0	0
"V111"	0	0	0	0	0
"V112"	0	0	0	0	0
"V113"	0	0	0	0	0
"V114"	0	0	0	0	0
"V115"	0	0	0	0	0
"V116"	0	0	0	0	0
"V117"	0	0	0	0	0
"V118"	0	0	0	0	0
"V119"	0	0	0	0	0
"V120"	0	0	0	0	0
"V121"	0	0	0	0	0
"V122"	0	0	0	0	0
"V123"	0	0	0	0	0
"V124"	0	0	0	0	0
"V125"	0	0	0	0	0
"V126"	0	0	0	0	0
"V127"	0	0	0	0	0
"V128"	0	0	0	0	0
"V129"	0	0	0	0	0
"V130"	0	0	0	0	0
"V131"	0	0	0	0	0
"V132"	0	0	0	0	0
"V133"	0	0	0	0	0
"V134"	0	0	0	0	0
"V135"	0	0	0	0	0
"V136"	0	0	0	0	0
"V137"	0	0	0	0	0
"V138"	0	0	0	0	0
"V139"	0	0	0	0	0
"V140"	0	0	0	0	0
"V141"	0	0	0	0	0
"V142"	0	0	0	0	0
"V143"	0	0	0	0	0
"V144"	0	0	0	0	0
"V145"	0	0	0	0	0
"V146"	0	0	0	0	0
"V147"	0	0	0	0	0
"V148"	0	0	0	0	0
"V149"	0	0	0	0	0
"V150"	0	0	0	0	0
"V151"	0	0	0	0	0
"V152"	0	0	0	0	0
"V153"	0	0	0	0	0
"V154"	0	0	0	0	0
"V155"	0	0	0	0	0
"V156"	0	0	0	0	0
"V157"	0	0	0	0	0
"V158"	0	0	0	0	0
"V159"	0	0	0	0	0
"V160"	0	0	0	0	0
"V161"	0	0	0	0	0
"V162"	0	0	0	0	0
"V163"	0	0	0	0	0
"V164"	0	0	0	0	0
"V165"	0	0	0	0	0
"V166"	0	0	0	0	0
"V167"	0	0	0	0	0
"V168"	0	0	0	0	0
"V169"	0	0	0	0	0
"V170"	0	0	0	0	0
"V171"	0	0	0	0	0
"V172"	0	0	0	0	0
"V173"	0	0	0	0	0
"V174"	0	0	0	0	0
"V175"	0	0	0	0	0
"V176"	0	0	0	0	0
"V177"	0	0	0	0	0
"V178"	0	0	0	0	0
"V179"	0	0	0	0	0
"V180"	0	0	0	0	0
"V181"	0	0	0	0	0
"V182"	0	0	0	0	0
"V183"	0	0	0	0	0
"V184"	0	0	0	0	0
"V185"	0	0	0	0	0
"V186"	0	0	0	0	0
"V187"	0	0	0	0	0
"V188"	0	0	0	0	0
"V189"	0	0	0	0	0
"V190"	0	0	0	0	0
"V191"	0	0	0	0	0
"V192"	0	0	0	0	0
"V193"	0	0	0	0	0
"V194"	0	0	0	0	0
"V195"	0	0	0	0	0
"V196"	0	0	0	0	0
"V197"	0	0	0	0	0
"V198"	0	0	0	0	0
"V199"	0	0	0	0	0
"V200"	0	0	0	0	0
"V201"	0	0	0	0	0
"V202"	0	0	0	0	0
"V203"	0	0	0	0	0
"V204"	0	0	0	0	0
"V205"	0	0	0	0	0
"V206"	0	0	0	0	0
"V207"	0	0	0	0	0
"V208"	0	0	0	0	0
"V209"	0	0	0	0	0
"V210"	0	0	0	0	0
"V211"	0	0	0	0	0
"V212"	0	0	0	0	0
"V213"	0	0	0	0	0
"V214"	0	0	0	0	0
"V215"	0	0	0	0	0
"V216"	0	0	0	0	0
"V217"	0	0	0	0	0
"V218"	0	0	0	0	0
"V219"	0	0	0	0	0
"V220"	0	0	0	0	0
"V221"	0	0	0	0	0
"V222"	0	0	0	0	0
"V223"	0	0	0	0	0
"V224"	0	0	0	0	0
"V225"	0	0	0	0	0
"V226"	0	0	0	0	0
"V227"	0	0	0	0	0
"V228"	0	0	0	0	0
"V229"	0	0	0	0	0
"V230"	0	0	0	0	0
"V231"	0	0	0	0	0
"V232"	0	0	0	0	0
"V233"	0	0	0	0	0
"V234"	0	0	0	0	0
"V235"	0	0	0	0	0
"V236"	0	0	0	0	0
"V237"	0	0	0	0	0
"V238"	0	0	0	0	0
"V239"	0	0	0	0	0
"V240"	0	0	0	0	0
"V241"	0	0	0	0	0
"V242"	0	0	0	0	0
"V243"	0	0	0	0	0
"V244"	0	0	0	0	0
"V245"	0	0	0	0	0
"V246"	0	0	0	0	0
"V247"	0	0	0	0	0
"V248"	0	0	0	0	0
"V249"	0	0	0	0	0
"V250"	0	0	0	0	0
"V251"	0	0	0	0	0
"V252"	0	0	0	0	0
"V253"	0	0	0	0	0
"V254"	0	0	0	0	0
"V255"	0	0	0	0	0
"V256"	0	0	0	0	0
"V257"	0	0	0	0	0
"V258"	0	0	0	0	0
"V259"	0	0	0	0	0
"V260"	0	0	0	0	0
"V261"	0	0	0	0	0
"V262"	0	0	0	0	0
"V263"	0	0	0	0	0
"V264"	0	0	0	0	0
"V265"	0	0	0	0	0
"V266"	0	0	0	0	0
"V267"	0	0	0	0	0
"V268"	0	0	0	0	0
"V269"	0	0	0	0	0
"V270"	0	0	0	0	0
"V271"	0	0	0	0	0
"V272"	0	0	0	0	0
"V273"	0	0	0	0	0
"V274"	0	0	0	0	0
"V275"	0	0	0	0	0
"V276"	0	0	0	0	0
"V277"	0	0	0	0	0
"V278"	0	0	0	0	0
"V279"	0	0	0	0	0
"V280"	0	0	0	0	0
"V281"	0	0	0	0	0
"V282"	0	0	0	0	0
"V283"	0	0	0	0	0
"V284"	0	0	0	0	0
"V285"	0	0	0	0	0
"V286"	0	0	0	0	0
"V287"	0	0	0	0	0
"V288"	0	0	0	0	0
"V289"	0	0	0	0	0
"V290"	0	0	0	0	0
"V291"	0	0	0	0	0
"V292"	0	0	0	0	0
"V293"	0	0	0	0	0
"V294"	0	0	0	0	0
"V295"	0	0	0	0	0
"V296"	0	0	0	0	0
"V297"	0	0	0	0	0
"V298"	0	0	0	0	0
"V299"	0	0	0	0	0
"V300"	0	0	0	0	0
"V301"	0	0	0	0	0
"V302"	0	0	0	0	0
"V303"	0	0	0	0	0
"V304"	0	0	0	0	0
"V305"	0	0	0	0	0
"V306"	0	0	0	0	0
"V307"	0	0	0	0	0
"V308"	0	0	0	0	0
"V309"	0	0	0	0	0
"V310"	0	0	0	0	0
"V311"	0	0	0	0	0
"V312"	0	0	0	0	0
"V313"	0	0	0	0	0
"V314"	0	0	0	0	0
"V315"	0	0	0	0	0
"V316"	0	0	0	0	0
"V317"	0	0	0	0	0
"V318"	0	0	0	0	0
"V319"	0	0	0	0	0
"V320"	0	0	0	0	0
"V321"	0	0	0	0	0
"V322"	0	0	0	0	0
"V323"	0	0	0	0	0
"V324"	0	0	0	0	0
"V325"	0	0	0	0	0
"V326"	0	0	0	0	0
"V327"	0	0	0	0	0
"V328"	0	0	0	0	0
"V329"	0	0	0	0	0
"V330"	0	0	0	0	0
"V331"	0	0	0	0	0
"V332"	0	0	0	0	0
"V333"	0	0	0	0	0
"V334"	0	0	0	0	0
"V335"	0	0	0	0	0
"V336"	0	0	0	0	0
"V337"	0	0	0	0	0
"V338"	0	0	0	0	0
"V339"	0	0	0	0	0
"V340"	0	0	0	0	0
"V341"	0	0	0	0	0
"V342"	0	0	0	0	0
"V343"	0	0	0	0	0
"V344"	0	0	0	0	0
"V345"	0	0	0	0	0
"V346"	0	0	0	0	0
"V347"	0	0	0	0	0
"V348"	0	0	0	0	0
"V349"	0	0	0	0	0
"V350"	0	0	0	0	0
"V351"	0	0	0	0	0
"V352"	0	0	0	0	0
"V353"	0	0	0	0	0
"V354"	0	0	0	0	0
"V355"	0	0	0	0	0
"V356"	0	0	0	0	0
"V357"	0	0	0	0	0
"V358"	0	0	0	0	0
"V359"	0	0	0	0	0
"V360"	0	0	0	0	0
"V361"	0	0	0	0	0
"V362"	0	0	0	0	0
"V363"	0	0	0	0	0
"V364"	0	0	0	0	0
"V365"	0	0	0	0	0
"V366"	0	0	0	0	0
"V367"	0	0	0	0	0
"V368"	0	0	0	0	0
"V369"	0	0	0	0	0
"V370"	0	0	0	0	0
"V371"	0	0	0	0	0
"V372"	0	0	0	0	0
"V373"	0	0	0	0	0
"V374"	0	0	0	0	0
"V375"	0	0	0	0	0
"V376"	0	0	0	0	0
"V377"	0	0	0	0	0
"V378"	0	0	0	0	0
"V379"	0	0	0	0	0
"V380"	0	0	0	0	0
"V381"	0	0	0	0	0
"V382"	0	0	0	0	0
"V383"	0	0	0	0	0
"V384"	0	0	0	0	0
"V385"	0	0	0	0	0
"V386"	0	0	0	0	0
"V387"	0	0	0	0	0
"V388"	0	0	0	0	0
"V389"	0	0	0	0	0
"V390"	0	0	0	0	0
"V391"	0	0	0	0	0
"V392"	0	0	0	0	0
"V393"	0	0	0	0	0
"V394"	0	0	0	0	0
"V395"	0	0	0	0	0
"V396"	0	0	0	0	0
"V397"	0	0	0	0	0
"V398"	0	0	0	0	0
"V399"	0	0	0	0	0
"V400"	0	0	0	0	0
"V401"	0	0	0	0	0
"V402"	0	0	0	0	0
"V403"	0	0	0	0	0
"V404"	0	0	0	0	0
"V405"	0	0	0	0	0
"V406"	0	0	0	0	0
"V407"	0	0	0	0	0
"V408"	0	0	0	0	0
"V409"	0	0	0	0	0
"V410"	0	0	0	0	0
"V411"	0	0	0	0	0
"V412"	0	0	0	0	0
"V413"	0	0	0	0	0
"V414"	0	0	0	0	0
"V415"	0	0	0	0	0
"V416"	0	0	0	0	0
"V417"	0	0	0	0	0
"V418"	0	0	0	0	0
"V419"	0	0	0	0	0
"V420"	0	0	0	0	0
"V421"	0	0	0	0	0
"V422"	0	0	0	0	0
"V423"	0	0	0	0	0
"V424"	0	0	0	0	0
"V425"	0	0	0	0	0
"V426"	0	0	0	0	0
"V427"	0	0	0	0	0
"V428"	0	0	0	0	0
"V429"	0	0	0	0	0
"V430"	0	0	0	0	0
"V431"	0	0	0	0	0
"V432"	0	0	0	0	0
"V433"	0	0	0	0	0
"V434"	0	0	0	0	0
"V435"	0	0	0	0	0
"V436"	0	0	0	0	0
"V437"	0	0	0	0	0
"V438"	0	0	0	0	0
"V439"	0	0	0	0	0
"V440"	0	0	0	0	0
"V441"	0	0	0	0	0
"V442"	0	0	0	0	0
"V443"	0	0	0	0	0
"V444"	0	0	0	0	0
"V445"	0	0	0	0	0
"V446"	0	0	0	0	0
"V447"	0	0	0	0	0
"V448"	0	0	0	0	0
"V449"	0	0	0	0	0
"V450"	0	0	0	0	0
"V451"	0	0	0	0	0
"V452"	0	0	0	0	0
"V453"	0	0	0	0	0
"V454"	0	0	0	0	0
"V455"	0	0	0	0	0
"V456"	0	0	0	0	0
"V457"	0	0	0	0	0
"V458"	0	0	0	0	0
"V459"	0	0	0	0	0
"V460"	0	0	0	0	0
"V461"	0	0	0	0	0
"V462"	0	0	0	0	0
"V463"	0	0	0	0	0
"V464"	0	0	0	0	0
"V465"	0	0	0	0	0
"V466"	0	0	0	0	0
"V467"	0	0	0	0	0
"V468"	0	0	0	0	0
"V469"	0	0	0	0	0
"V470"	0	0	0	0	0
"V471"	0	0	0	0	0
"V472"	0	0	0	0	0
"V473"	0	0	0	0	0
"V474"	0	0	0	0	0
"V475"	0	0	0	0	0
"V476"	0	0	0	0	0
"V477"	0	0	0	0	0
"V478"	0	0	0	0	0
"V479"	0	0	0	0	0
"V480"	0	0	0	0	0
"V481"	0	0	0	0	0
"V482"	0	0	0	0	0
"V483"	0	0	0	0	0
"V484"	0	0	0	0	0
"V485"	0	0	0	0	0
"V486"	0	0	0	0	0
"V487"	0	0	0	0	0
"V488"	0	0	0	0	0
"V489"	0	0	0	0	0
"V490"	0	0	0	0	0
"V491"	0	0	0	0	0
"V492"	0	0	0	0	0
"V493"	0	0	0	0	0
"V494"	0	0	0	0	0
"V495"	0	0	0	0	0
"V496"	0	0	0	0	0
"V497"	0	0	0	0	0
"V498"	0	0	0	0	0
"V499"	0	0	0	0	0
"V500"	0	0	0	0	0
"V501"	0	0	0	0	0
"V502"	0	0	0	0	0
"V503"	0	0	0	0	0
"V504"	0	0	0	0	0
"V505"	0	0	0	0	0
"V506"	0	0	0	0	0
"V507"	0	0	0	0	0
"V508"	0	0	0	0	0
"V509"	0	0	0	0	0
"V510"	0	0	0	0	0
"V511"	0	0	0	0	0
"V512"	0	0	0	0	0
"V513"	0	0	0	0	0
"V514"	0	0	0	0	0
"V515"	0	0	0	0	0
"V516"	0	0	0	0	0
"V517"	0	0	0	0	0
"V518"	0	0	0	0	0
"V519"	0	0	0	0	0
"V520"	0	0	0	0	0
"V521"	0	0	0	0	0
"V522"	0	0	0	0	0
"V523"	0	0	0	0	0
"V524"	0	0	0	0	0
"V525"	0	0	0	0	0
"V526"	0	0	0	0	0
"V527"	0	0	0	0	0
"V528"	0	0	0	0	0
"V529"	0	0	0	0	0
"V530"	0	0	0	0	0
"V531"	0	0	0	0	0
"V532"	0	0	0	0	0
"V533"	0	0	0	0	0
"V534"	0	0	0	0	0
"V535"	0	0	0	0	0
"V536"	0	0	0	0	0
"V537"	0	0	0	0	0
"V538"	0	0	0	0	0
"V539"	0	0	0	0	0
"V540"	0	0	0	0	0
"V541"	0	0	0	0	0
"V542"	0	0	0	0	0
"V543"	0	0	0	0	0
"V544"	0	0	0	0	0
"V545"	0	0	0	0	0
"V546"	0	0	0	0	0
"V547"	0	0	0	0	0
"V548"	0	0	0	0	0
"V549"	0	0	0	0	0
"V550"	0	0	0	0	0
"V551"	0	0	0	0	0
"V552"	0	0	0	0	0
"V553"	0	0	0	0	0
"V554"	0	0	0	0	0
"V555"	0	0	0	0	0
"V556"	0	0	0	0	0
"V557"	0	0	0	0	0
"V558"	0	0	0	0	0
"V559"	0	0	0	0	0
"V560"	0	0	0	0	0
"V561"	0	0	0	0	0
"V562"	0	0	0	0	0
"V563"	0	0	0	0	0
"V564"	0	0	0	0	0
"V565"	0	0	0	0	0
"V566"	0	0	0	0	0
"V567"	0	0	0	0	0
"V568"	0	0	0	0	0
"V569"	0	0	0	0	0
"V570"	0	0	0	0	0
"V571"	0	0	0	0	0
"V572"	0	0	0	0	0
"V573"	0	0	0	0	0
"V574"	0	0	0	0	0
"V575"	0	0	0	0	0
"V576"	0	0	0	0	0
"V577"	0	0	0	0	0
"V578"	0	0	0	0	0
"V579"	0	0	0	0	0
"V580"	0	0	0	0	0
"V581"	0	0	0	0	0
"V582"	0	0	0	0	0
"V583"	0	0	0	0	0
"V584"	0	0	0	0	0
"V585"	0	0	0	0	0
"V586"	0	0	0	0	0
"V587"	0	0	0	0	0
"V588"	0	0	0	0	0
"V589"	0	0	0	0	0
"V590"	0	0	0	0	0
"V591"	0	0	0	0	0
"V592"	0	0	0	0	0
"V593"	0	0	0	0	0
"V594"	0	0	0	0	0
"V595"	0	0	0	0	0
"V596"	0	0	0	0	0
"V597"	0	0	0	0	0
"V598"	0	0	0	0	0
"V599"	0	0	0	0	0
"V600"	0	0	0	0	0
"V601"	0	0	0	0	0
"V602"	0	0	0	0	0
"V603"	0	0	0	0	0
"V604"	0	0	0	0	0
"V605"	0	0	0	0	0
"V606"	0	0	0	0	0
"V607"	0	0	0	0	0
"V608"	0	0	0	0	0
"V609"	0	0	0	0	0
"V610"	0	0	0	0	0
"V611"	0	0	0	0	0
"V612"	0	0	0	0	0
"V613"	0	0	0	0	0
"V614"	0	0	0	0	0
"V615"	0	0	0	0	0
"V616"	0	0	0	0	0
"V617"	0	0	0	0	0
"V618"	0	0	0	0	0
"V619"	0	0	0	0	0
"V620"	0	0	0	0	0
"V621"	0	0	0	0	0
"V622"	0	0	0	0	0
"V623"	0	0	0	0	0
"V624"	0	0	0	0	0
"V625"	0	0	0	0	0
"V626"	0	0	0	0	0
"V627"	0	0	0	0	0
"V628"	0	0	0	0	0
"V629"	0	0	0	0	0
"V630"	0	0	0	0	0
"V631"	0	0	0	0	0
"V632"	0	0	0	0	0
"V633"	0	0	0	0	0
"V634"	0	0	0	0	0
"V635"	0	0	0	0	0
"V636"	0	0	0	0	0
"V637"	0	0	0	0	0
"V638"	0	0	0	0	0
"V639"	0	0	0	0	0
"V640"	0	0	0	0	0
"V641"	0	0	0	0	0
"V642"	0	0	0	0	0
"V643"	0	0	0	0	0
"V644"	0	0	0	0	0
"V645"	0	0	0	0	0
"V646"	0	0	0	0	0
"V647"	0	0	0	0	0
"V648"	0	0	0	0	0
"V649"	0	0	0	0	0
"V650"	0	0	0	0	0
"V651"	0	0	0	0	0
"V652"	0	0	0	0	0
"V653"	0	0	0	0	0
"V654"	0	0	0	0	0
"V655"	0	0	0	0	0
"V656"	0	0	0	0	0
"V657"	0	0	0	0	0
"V658"	0	0	0	0	0
"V659"	0	0	0	0	0
"V660"	0	0	0	0	0
"V661"	0	0	0	0	0
"V662"	0	0	0	0	0
"V663"	0	0	0	0	0
"V664"	0	0	0	0	0
"V665"	0	0	0	0	0
"V666"	0	0	0	0	0
"V667"	0	0	0	0	0
"V668"	0	0	0	0	0
"V669"	0	0	0	0	0
"V670"	0	0	0	0	0
"V671"	0	0	0	0	0
"V672"	0	0	0	0	0
"V673"	0	0	0	0	0
"V674"	0	0	0	0	0
"V675"	0	0	0	0	0
"V676"	0	0	0	0	0
"V677"	0	0	0	0	0
"V678"	0	0	0	0	0
"V679"	0	0	0	0	0
"V680"	0	0	0	0	0
"V681"	0	0	0	0	0
"V682"	0	0	0	0	0
"V683"	0	0	0	0	0
"V684"	0	0	0	0	0
"V685"	0	0	0	0	0
"V686"	0	0	0	0	0
"V687"	0	0	0	0	0
"V688"	0	0	0	0	0
"V689"	0	0	0	0	0
"V690"	0	0	0	0	0
"V691"	0	0	0	0	0
"V692"	0	0	0	0	0
"V693"	0	0	0	0	0
"V694"	0	0	0	0	0
"V695"	0	0	0	0	0
"V696"	0	0	0	0	0
"V697"	0	0	0	0	0
"V698"	0	0	0	0	0
"V699"	0	0	0	0	0
"V700"	0	0	0	0	0
"V701"	0	0	0	0	0
"V702"	0	0	0	0	0
"V703"	0	0	0	0	0
"V704"	0	0	0	0	0
"V705"	0	0	0	0	0
"V706"	0	0	0	0	0
"V707"	0	0	0	0	0
"V708"	0	0	0	0	0
"V709"	0	0	0	0	0
"V710"	0	0	0	0	0
"V711"	0	0	0	0	0
"V712"	0	0	0	0	0
"V713"	0	0	0	0	0
"V714"	0	0	0	0	0
"V715"	0	0	0	0	0
"V716"	0	0	0	0	0
"V717"	0	0	0	0	0
"V718"	0	0	0	0	0
"V719"	0	0	0	0	0
"V720"	0	0	0	0	0
"V721"	0	0	0	0	0
"V722"	0	0	0	0	0
"V723"	0	0	0	0	0
"V724"	0	0	0	0	0
"V725"	0	0	0	0	0
"V726"	0	0	0	0	0
"V727"	0	0	0	0	0
"V728"	0	0	0	0	0
"V729"	0	0	0	0	0
"V730"	0	0	0	0	0
"V731"	0	0	0	0	0
"V732"	0	0	0	0	0
"V733"	0	0	0	0	0
"V734"	0	0	0	0	0
"V735"	0	0	0	0	0
"V736"	0	0	0	0	0
"V737"	0	0	0	0	0
"V738"	0	0	0	0	0
"V739"	0	0	0	0	0
"V740"	0	0	0	0	0
"V741"	0	0	0	0	0
"V742"	0	0	0	0	0
"V743"	0	0	0	0	0
"V744"	0	0	0	0	0
"V745"	0	0	0	0	0
"V746"	0	0	0	0	0
"V747"	0	0	0	0	0
"V748"	0	0	0	0	0
"V749"	0	0	0	0	0
"V750"	0	0	0	0	0
"V751"	0	0	0	0	0
"V752"	0	0	0	0	0
"V753"	0	0	0	0	0
"V754"	0	0	0	0	0
"V755"	0	0	0	0	0
"V756"	0	0	0	0	0
"V757"	0	0	0	0	0
"V758"	0	0	0	0	0
"V759"	0	0	0	0	0
"V760"	0	0	0	0	0
"V761"	0	0	0	0	0
"V762"	0	0	0	0	0
"V763"	0	0	0	0	0
"V764"	0	0	0	0	0
"V765"	0	0	0	0	0
"V766"	0	0	0	0	0
"V767"	0	0	0	0	0
"V768"	0	0	0	0	0
"V769"	0	0	0	0	0
"V770"	0	0	0	0	0
"V771"	0	0	0	0	0
"V772"	0	0	0	0	0
"V773"	0	0	0	0	0
"V774"	0	0	0	0	0
"V775"	0	0	0	0	0
"V776"	0	0	0	0	0
"V777"	0	0	0	0	0
"V778"	0	0	0	0	0
"V779"	0	0	0	0	0
"V780"	0	0	0	0	0
"V781"	0	0	0	0	0
"V782"	0	0	0	0	0
"V783"	0	0	0	0	0
"V784"	0	0	0	0	0
"V785"	0	0	0	0	0
"V786"	0	0	0	0	0
"V787"	0	0	0	0	0
"V788"	0	0	0	0	0
"V789"	0	0	0	0	0
"V790"	0	0	0	0	0
"V791"	0	0	0	0	0
"V792"	0	0	0	0	0
"V793"	0	0	0	0	0
"V794"	0	0	0	0	0
"V795"	0	0	0	0	0
"V796"	0	0	0	0	0
"V797"	0	0	0	0	0
"V798"	0	0	0	0	0
"V799"	0	0	0	0	0
"V800"	0	0	0	0	0
"V801"	0	0	0	0	0
"V802"	0	0	0	0	0
"V803"	0	0	0	0	0
"V804"	0	0	0	0	0
"V805"	0	0	0	0	0
"V806"	0	0	0	0	0
"V807"	0	0	0	0	0
"V808"	0	0	0	0	0
"V809"	0	0	0	0	0
"V810"	0	0	0	0	0
"V811"	0	0	0	0	0
"V812"	0	0	0	0	0
"V813"	0	0	0	0	0
"V814"	0	0	0	0	0
"V815"	0	0	0	0	0
"V816"	0	0	0	0	0
"V817"	0	0	0	0	0
"V818"	0	0	0	0	0
"V819"	0	0	0	0	0
"V820"	0	0	0	0	0
"V821"	0	0	0	0	0
"V822"	0	0	0	0	0
"V823"	0	0	0	0	0
"V824"	0	0	0	0	0
"V825"	0	0	0	0	0
"V826"	0	0	0	0	0
"V827"	0	0	0	0	0
"V828"	0	0	0	0	0
"V829"	0	0	0	0	0
"V830"	0	0	0	0	0
"V831"	0	0	0	0	0
"V832"	0	0	0	0	0
"V833"	0	0	0	0	0
"V834"	0	0	0	0	0
"V835"	0	0	0	0	0
"V836"	0	0	0	0	0
"V837"	0	0	0	0	0
"V838"	0	0	0	0	0
"V839"	0	0	0	0	0
"V840"	0	0	0	0	0
"V841"	0	0	0	0	0
"V842"	0	0	0	0	0
"V843"	0	0	0	0	0
"V844"	0	0	0	0	0
"V845"	0	0	0	0	0
"V846"	0	0	0	0	0
"V847"	0	0	0	0	0
"V848"	0	0	0	0	0
"V849"	0	0	0	0	0
"V850"	0	0	0	0	0
"V851"	0	0	0	0	0
"V852"	0	0	0	0	0
"V853"	0	0	0	0	0
"V854"	0	0	0	0	0
"V855"	0	0	0	0	0
"V856"	0	0	0	0	0
"V857"	0	0	0	0	0
"V858"	0	0	0	0	0
"V859"	0	0	0	0	0
"V860"	0	0	0	0	0
"V861"	0	0	0	0	0
"V862"	0	0	0	0	0
"V863"	0	0	0	0	0
"V864"	0	0	0	0	0
"V865"	0	0	0	0	0
"V866"	0	0	0	0	0
"V867"	0	0	0	0	0
"V868"	0	0	0	0	0
"V869"	0	0	0	0	0
"V870"	0	0	0	0	0
"V871"	0	0	0	0	0
"V872"	0	0	0	0	0
"V873"	0	0	0	0	0
"V874"	0	0	0	0	0
"V875"	0	0	0	0	0
"V876"	0	0	0	0	0
"V877"	0	0	0	0	0
"V878"	0	0	0	0	0
"V879"	0	0	0	0	0
"V880"	0	0	0	0	0
"V881"	0	0	0	0	0
"V882"	0	0	0	0	0
"V883"	0	0	0	0	0
"V884"	0	0	0	0	0
"V885"	0	0	0	0	0
"V886"	0	0	0	0	0
"V887"	0	0	0	0	0
"V888"	0	0	0	0	0
"V889"	0	0	0	0	0
"V890"	0	0	0	0	0
"V891"	0	0	0	0	0
"V892"	0	0	0	0	0
"V893"	0	0	0	0	0
"V894"	0	0	0	0	0
"V895"	0	0	0	0	0
"V896"	0	0	0	0	0
"V897"	0	0	0	0	0
"V898"	0	0	0	0	0
"V899"	0	0	0	0	0
"V900"	0	0	0	0	0
"V901"	0	0	0	0	0
"V902"	0	0	0	0	0
"V903"	0	0	0	0	0
"V904"	0	0	0	0	0
"V905"	0	0	0	0	0
"V906"	0	0	0	0	0
"V907"	0	0	0	0	0
"V908"	0	0	0	0	0
"V909"	0	0	0	0	0
"V910"	0	0	0	0	0
"V911"	0	0	0	0	0
"V912"	0	0	0	0	0
"V913"	0	0	0	0	0
"V914"	0	0	0	0	0
"V915"	0	0	0	0	0
"V916"	0	0	0	0	0
"V917"	0	0	0	0	0
"V918"	0	0	0	0	0
"V919"	0	0	0	0	0
"V920"	0	0	0	0	0
"V921"	0	0	0	0	0
"V922"	0	0	0	0	0
"V923"	0	0	0	0	0
"V924"	0	0	0	0	0
"V925"	0	0	0	0	0
"V926"	0	0	0	0	0
"V927"	0	0	0	0	0
"V928"	0	0	0	0	0
"V929"	0	0	0	0	0
"V930"	0	0	0	0	0
"V931"	0	0	0	0	0
"V932"	0	0	0	0	0
"V933"	0	0	0	0	0
"V934"	0	0	0	0	0
"V935"	0	0	0	0	0
"V936"	0	0	0	0	0
"V937"	0	0	0	0	0
"V938"	0	0	0	0	0
"V939"	0	0	0	0	0
"V940"	0	0	0	0	0
"V941"	0	0	0	0	0
"V942"	0	0	0	0	0
"V943"	0	0	0	0	0
"V944"	0	0	0	0	0
"V945"	0	0	0	0	0
"V946"	0	0	0	0	0
"V947"	0	0	0	0	0
"V948"	0	0	0	0	0
"V949"	0	0	0	0	0
"V950"	0	0	0	0	0
"V951"	0	0	0	0	0
"V952"	0	0	0	0	0
"V953"	0	0	0	0	0
"V954"	0	0	0	0	0
"V955"	0	0	0	0	0
"V956"	0	0	0	0	0
"V957"	0	0	0	0	0
"V958"	0	0	0	0	0
"V959"	0	0	0	0	0
"V960"	0	0	0	0	0
"V961"	0	0	0	0	0
"V962"	0	0	0	0	0
"V963"	0	0	0	0	0
"V964"	0	0	0	0	0
"V965"	0	0	0	0	0
"V966"	0	0	0	0	0
"V967"	0	0	0	0	0
"V968"	0	0	0	0	0
"V969"	0	0	0	0	0
"V970"	0	0	0	0	0
"V971"	0	0	0	0	0
"V972"	0	0	0	0	0
"V973"	0	0	0	0	0
"V974"	0	0	0	0	0
"V975"	0	0	0	0	0
"V976"	0	0	0	0	0
"V977"	0	0	0	0	0
"V978"	0	0	0	0	0
"V979"	0	0	0	0	0
"V980"	0	0	0	0	0
"V981"	0	0	0	0	0
"V982"	0	0	0	0	0
"V983"	0	0	0	0	0
"V984"	0	0	0	0	0
"V985"	0	0	0	0	0
"V986"	0	0	0	0	0
"V987"	0	0	0	0	0
"V988"	0	0	0	0	0
"V989"	0	0	0	0	0
"V990"	0	0	0	0	0
"V991"	0	0	0	0	0
"V992"	0	0	0	0	0
"V993"	0	0	0	0	0
"V994"	0	0	0	0	0
"V995"	0	0	0	0	0
"V996"	0	0	0	0	0
"V997"	0	0	0	0	0
"V998"	0	0	0	0	0
"V999"	0	0	0	0	0
"V1000"	0	0	0	0	0
"V1001"	0	0	0	0	0
"V1002"	0	0	0	0	0
"V1003"	0	0	0	0	0
"V1004"	0	0	0	0	0
"V1005"	0	0	0	0	0
"V1006"	0	0	0	0	0
"V1007"	0	0	0	0	0
"V1008"	0	0	0	0	0
"V1009"	0	0	0	0	0
"V1010"	0	0	0	0	0
"V1011"	0	0	0	0	0
"V1012"	0	0	0	0	0
"V1013"	0	0	0	0	0
"V1014"	0	0	0	0	0
"V1015"	0	0	0	0	0
"V1016"	0	0	0	0	0
"V1017"	0	0	0	0	0
"V1018"	0	0	0	0	0
"V1019"	0	0	0	0	0
"V1020"	0	0	0	0	0
"V1021"	0	0	0	0	0
"V1022"	0	0	0	0	0
"V1023"	0	0	0	0	0
"V1024"	0	0	0	0	0
"V1025"	0	0	0	0	0
"V1026"	0	0	0	0	0
"V1027"	0	0	0	0	0
"V1028"	0	0	0	0	0
"V1029"	0	0	0	0	0
"V1030"	0	0	0	0	0
"V1031"	0	0	0	0	0
"V1032"	0	0	0	0	0
"V1033"	0	0	0	0	0
"V1034"	0	0	0	0	0
"V1035"	0	0	0	0	0
"V1036"	0	0	0	0	0
"V1037"	0	0	0	0	0
"V1038"	0	0	0	0	0
"V1039"	0	0	0	0	0
"V1040"	0	0	0	0	0
"V1041"	0	0	0	0	0
"V1042"	0	0	0	0	0
"V1043"	0	0	0	0	0
"V1044"	0	0	0	0	0
"V1045"	0	0	0	0	0
"V1046"	0	0	0	0	0
"V1047"	0	0	0	0	0
"V1048"	0	0	0	0	0
"V1049"	0	0	0	0	0
"V1050"	0	0	0	0	0
"V1051"	0	0	0	0	0
"V1052"	0	0	0	0	0
"V1053"	0	0	0	0	0
"V1054"	0	0	0	0	0
"V1055"	0	0	0	0	0
"V1056"	0	0	0	0	0
"V1057"	0	0	0	0	0
"V1058"	0	0	0	0	0
"V1059"	0	0	0	0	0
"V1060"	0	0	0	0	0
"V1061"	0	0	0	0	0
"V1062"	0	0	0	0	0
"V1063"	0	0	0	0	0
"V1064"	0	0	0	0	0
"V1065"	0	0	0	0	0
"V1066"	0	0	0	0	0
"V1067"	0	0	0	0	0
"V1068"	0	0	0	0	0
"V1069"	0	0	0	0	0
"V1070"	0	0	0	0	0
"V1071"	0	0	0	0	0
"V1072"	0	0	0	0	0
"V1073"	0	0	0	0	0
"V1074"	0	0	0	0	0
"V1075"	0	0	0	0	0
"V1076"	0	0	0	0	0
"V1077"	0	0	0	0	0
"V1078"	0	0	0	0	0
"V1079"	0	0	0	0	0
"V1080"	0	0	0	0	0
"V1081"	0	0	0	0	0
"V1082"	0	0	0	0	0
"V1083"	0	0	0	0	0
"V1084"	0	0	0	0	0
"V1085"	0	0	0	0	0
"V1086"	0	0	0	0	0
"V1087"	0	0	0	0	0
"V1088"	0	0	0	0	0
"V1089"	0	0	0	0	0
"V1090"	0	0	0	0	0
"V1091"	0	0	0	0	0
"V1092"	0	0	0	0	0
"V1093"	0	0	0	0	0
"V1094"	0	0	0	0	0
"V1095"	0	0	0	0	0
"V1096"	0	0	0	0	0
"V1097"	0	0	0	0	0
"V1098"	0	0	0	0	0
"V1099"	0	0	0	0	0
"V1100"	0	0	0	0	0
"V1101"	0	0	0	0	0
"V1102"	0	0	0	0	0
"V1103"	0	0	0	0	0
"V1104"	0	0	0	0	0
"V1105"	0	0	0	0	0
"V1106"	0	0	0	0	0
"V1107"	0	0	0	0	0
"V1108"	0	0	0	0	0
"V1109"	0	0	0	0	0
"V1110"	0	0	0	0	0
"V1111"	0	0	0	0	0
"V1112"	0	0	0	0	0
"V1113"	0	0	0	0	0
"V1114"	0	0	0	0	0
"V1115"	0	0	0	0	0
"V1116"	0	0	0	0	0
"V1117"	0	0	0	0	0
"V1118"	0	0	0	0	0
"V1119"	0	0	0	0	0
"V1120"	0	0	0	0	0
"V1121"	0	0	0	0	0
"V1122"	0	0	0	0	0
"V1123"	0	0	0	0	0
"V1124"	0	0	0	0	0
"V1125"	0	0	0	0	0
"V1126"	0	0	0	0	0
"V1127"	0	0	0	0	0
"V1128"	0	0	0	0	0
"V1129"	0	0	0	0	0
"V1130"	0	0	0	0	0
"V1131"	0	0	0	0	0
"V1132"	0	0	0	0	0
"V1133"	0	0	0	0	0
"V1134"	0	0	0	0	0
"V1135"	0	0	0	0	0
"V1136"	0	0	0	0	0
"V1137"	0	0	0	0	0
"V1138"	0	0	0	0	0
"V1139"	0	0	0	0	0
"V1140"	0	0	0	0	0
"V1141"	0	0	0	0	0
"V1142"	0	0	0	0	0
"V1143"	0	0	0	0	0
"V1144"	0	0	0	0	0
"V1145"	0	0	0	0	0
"V1146"	0	0	0	0	0
"V1147"	0	0	0	0	0
"V1148"	0	0	0	0	0
"V1149"	0	0	0	0	0
"V1150"	0	0	0	0	0
"V1151"	0	0	0	0	0
"V1152"	0	0	0	0	0
"V1153"	0	0	0	0	0
"V1154"	0	0	0	0	0
"V1155"	0	0	0	0	0
"V1156"	0	0	0	0	0
"V1157"	0	0	0	0	0
"V1158"	0	0	0	0	0
"V1159"	0	0	0	0	0
"V1160"	0	0	0	0	0
"V1161"	0	0	0	0	0
"V1162"	0	0	0	0	0
"V1163"	0	0	0	0	0
"V1164"	0	0	0	0	0
"V1165"	0	0	0	0	0
"V1166"	0	0	0	0	0
"V1167"	0	0	0	0	0
"V1168"	0	0	0	0	0
"V1169"	0	0	0	0	0
"V1170"	0	0	0	0	0
"V1171"	0	0	0	0	0
"V1172"	0	0	0	0	0
"V1173"	0	0	0	0	0
"V1174"	0	0	0	0	0
"V1175"	0	0	0	0	0
"V1176"	0	0	0	0	0
"V1177"	0	0	0	0	0
"V1178"	0	0	0	0	0
"V1179"	0	0	0	0	0
"V1180"	0	0	0	0	0
"V1181"	0	0	0	0	0
"V1182"	0	0	0	0	0
"V1183"	0	0	0	0	0
"V1184"	0	0	0	0	0
"V1185"	0	0	0	0	0
"V1186"	0	0	0	0	0
"V1187"	0	0	0	0	0
"V1188"	0	0	0	0	0
"V1189"	0	0	0	0	0
"V1190"	0	0	0	0	0
"V1191"	0	0	0	0	0
"V1192"	0	0	0	0	0
"V1193"	0	0	0	0	0
"V1194"	0	0	0	0	0
"V1195"	0	0	0	0	0
"V1196"	0	0	0	0	0
"V1197"	0	0	0	0	0
"V1198"	0	0	0	0	0
"V1199"	0	0	0	0	0
"V1200"	0	0	0	0	0
"V1201"	0	0	0	0	0
"V1202"	0	0	0	0	0
"V1203"	0	0	0	0	0
"V1204"	0	0	0	0	0
"V1205"	0	0	0	0	0
"V1206"	0	0	0	0	0
"V1207"	0	0	0	0	0
"V1208"	0	0	0	0	0
"V1209"	0	0	0	0	0
"V1210"	0	0	0	0	0
"V1211"	0	0	0	0	0
"V1212"	0	0	0	0	0
"V1213"	0	0	0	0	0
"V1214"	0	0	0	0	0
"V1215"	0	0	0	0	0
"V1216"	0	0	0	0	0
"V1217"	0	0	0	0	0
"V1218"	0	0	0	0	0
"V1219"	0	0	0	0	0
"V1220"	0	0	0	0	0
"V1221"	0	0	0	0	0
"V1222"	0	0	0	0	0
"V1223"	0	0	0	0	0
"V1224"	0	0	0	0	0
"V1225"	0	0	0	0	0
"V1226"	0	0	0	0	0
"V1227"	0	0	0	0	0
"V1228"	0	0	0	0	0
"V1229"	0	0	0	0	0
"V1230"	0	0	0	0	0
"V1231"	0	0	0	0	0
"V1232"	0	0	0	0	0
"V1233"	0	0	0	0	0
"V1234"	0	0	0	0	0
"V1235"	0	0	0	0	0
"V1236"	0	0	0	0	0
"V1237"	0	0	0	0	0
"V1238"	0	0	0	0	0
"V1239"	0	0	0	0	0
"V1240"	0	0	0	0	0
"V1241"	0	0	0	0	0
"V1242"	0	0	0	0	0
"V1243"	0	0	0	0	0
"V1244"	0	0	0	0	0
"V1245"	0	0	0	0	0
"V1246"	0	0	0	0	0
"V1247"	0	0	0	0	0
"V1248"	0	0	0	0	0
"V1249"	0	0	0	0	0
"V1250"	0	0	0	0	0
"V1251"	0	0	0	0	0
"V1252"	0	0	0	0	0
"V1253"	0	0	0	0	0
"V1254"	0	0	0	0	0
"V1255"	0	0	0	0	0
"V1256"	0	0	0	0	0
"V1257"	0	0	0	0	0
"V1258"	0	0	0	0	0
"V1259"	0	0	0	0	0
"V1260"	0	0	0	0	0
"V1261"	0	0	0	0	0
"V1262"	0	0	0	0	0
"V1263"	0	0	0	0	0
"V1264"	0	0	0	0	0
"V1265"	0	0	0	0	0
"V1266"	0	0	0	0	0
"V1267"	0	0	0	0	0
"V1268"	0	0	0	0	0
"V1269"	0	0	0	0	0
"V1270"	0	0	0	0	0
"V1271"	0	0	0	0	0
"V1272"	0	0	0	0	0
"V1273"	0	0	0	0	0
"V1274"	0	0	0	0	0
"V1275"	0	0	0	0	0
"V1276"	0	0	0	0	0
"V1277"	0	0	0	0	0
"V1278"	0	0	0	0	0
"V1279"	0	0	0	0	0
"V1280"	0	0	0	0	0
"V1281"	0	0	0	0	0
"V1282"	0	0	0	0	0
"V1283"	0	0	0	0	0
"V1284"	0	0	0	0	0
"V1285"	0	0	0	0	0
"V1286"	0	0	0	0	0
"V1287"	0	0	0	0	0
"V1288"	0	0	0	0	0
"V1289"	0	0	0	0	0
"V1290"	0	0	0	0	0
"V1291"	0	0	0	0	0
"V1292"	0	0	0	0	0
"V1293"	0	0	0	0	0
"V1294"	0	0	0	0	0
"V1295"	0	0	0	0	0
"V1296"	0	0	0	0	0
"V1297"	0	0	0	0	0
"V1298"	0	0	0	0	0
"V1299"	0	0	0	0	0
"V1300"	0	0	0	0	0
"V1301"	0	0	0	0	0
"V1302"	0	0	0	0	0
"V1303"	0	0	0	0	0
"V1304"	0	0	0	0	0
"V1305"	0	0	0	0	0
"V1306"	0	0	0	0	0
"V1307"	0	0	0	0	0
"V1308"	0	0	0	0	0
"V1309"	0	0	0	0	0
"V1310"	0	0	0	0	0
"V1311"	0	0	0	0	0
"V1312"	0	0	0	0	0
"V1313"	0	0	0	0	0
"V1314"	0	0	0	0	0
"V1315"	0	0	0	0	0
"V1316"	0	0	0	0	0
"V1317"	0	0	0	0	0
"V1318"	0	0	0	0	0
"V1319"	0	0	0	0	0
"V1320"	0	0	0	0	0
"V1321"	0	0	0	0	0
"V1322"	0	0	0	0	0
"V1323"	0	0	0	0	0
"V1324"	0	0	0	0	0
"V1325"	0	0	0	0	0
"V1326"	0	0	0	0	0
"V1327"	0	0	0	0	0
"V1328"	0	0	0	0	0
"V1329"	0	0	0	0	0
"V1330"	0	0	0	0	0
"V1331"	0	0	0	0	0
"V1332"	0	0	0	0	0
"V1333"	0	0	0	0	0
"V1334"	0	0	0	0	0
"V1335"	0	0	0	0	0
"V1336"	0	0	0	0	0
"V1337"	0	0	0	0	0
"V1338"	0	0	0	0	0
"V1339"	0	0	0	0	0
"V1340"	0	0	0	0	0
"V1341"	0	0	0	0	0
"V1342"	0	0	0	0	0
"V1343"	0	0	0	0	0
"V1344"	0	0	0	0	0
"V1345"	0	0	0	0	0
"V1346"	0	0	0	0	0
"V1347"	0	0	0	0	0
"V1348"	0	0	0	0	0
"V1349"	0	0	0	0	0
"V1350"	0	0	0	0	0
"V1351"	0	0	0	0	0
"V1352"	0	0	0	0	0
"V1353"	0	0	0	0	0
"V1354"	0	0	0	0	0
"V1355"	0	0	0	0	0
"V1356"	0	0	0	0	0
"V1357"	0	0	0	0	0
"V1358"	0	0	0	0	0
"V1359"	0	0	0	0	0
"V1360"	0	0	0	0	0
"V1361"	0	0	0	0	0
"V1362"	0	0	0	0	0
"V1363"	0	0	0	0	0
"V1364"	0	0	0	0	0
"V1365"	0	0	0	0	0
"V1366"	0	0	0	0	0
"V1367"	0	0	0	0	0
"V1368"	0	0	0	0	0
"V1369"	0	0	0	0	0
"V1370"	0	0	0	0	0
"V1371"	0	0	0	0	0
"V1372"	0	0	0	0	0
"V1373"	0	0	0	0	0
"V1374"	0	0	0	0	0
"V1375"	0	0	0	0	0
"V1376"	0	0	0	0	0
"V1377"	0	0	0	0	0
"V1378"	0	0	0	0	0
"V1379"	0	0	0	0	0
"V1380"	0	0	0	0	0
"V1381"	0	0	0	0	0
"V1382"	0	0	0	0	0
"V1383"	0	0	0	0	0
"V1384"	0	0	0	0	0
"V1385"	0	0	0	0	0
"V1386"	0	0	0	0	0
"V1387"	0	0	0	0	0
"V1388"	0	0	0	0	0
"V1389"	0	0	0	0	0
"V1390"	0	0	0	0	0
"V1391"	0	0	0	0	0
"V1392"	0	0	0	0	0
"V1393"	0	0	0	0	0
"V1394"	0	0	0	0	0
"V1395"	0	0	0	0	0
"V1396"	0	0	0	0	0
"V1397"	0	0	0	0	0
"V1398"	0	0	0	0	0
"V1399"	0	0	0	0	0
"V1400"	0	0	0	0	0
"V1401"	0	0	0	0	0
"V1402"	0	0	0	0	0
"V1403"	0	0	0	0	0
"V1404"	0	0	0	0	0
"V1405"	0	0	0	0	0
"V1406"	0	0	0	0	0
"V1407"	0	0	0	0	0
"V1408"	0	0	0	0	0
"V1409"	0	0	0	0	0
"V1410"	0	0	0	0	0
"V1411"	0	0	0	0	0
"V1412"	0	0	0	0	0
"V1413"	0	0	0	0	0
"V1414"	0	0	0	0	0
"V1415"	0	0	0	0	0
"V1416"	0	0	0	0	0
"V1417"	0	0	0	0	0
"V1418"	0	0	0	0	0
"V1419"	0	0	0	0	0
"V1420"	0	0	0	0	0
"V1421"	0	0	0	0	0
"V1422"	0	0	0	0	0
"V1423"	0	0	0	0	0
"V1424"	0	0	0	0	0
"V1425"	0	0	0	0	0
"V1426"	0	0	0	0	0
"V1427"	0	0	0	0	0
"V1428"	0	0	0	0	0
"V1429"	0	0	0	0	0
"V1430"	0	0	0	0	0
"V1431"	0	0	0	0	0
"V1432"	0	0	0	0	0
"V1433"	0	0	0	0	0
"V1434"	0	0	0	0	0
"V1435"	0	0	0	0	0
"V1436"	0	0	0	0	0
"V1437"	0	0	0	0	0
"V1438"	0	0	0	0	0
"V1439"	0	0	0	0	0
"V1440"	0	0	0	0	0
"V1441"	0	0	0	0	0
"V1442"	0	0	0	0	0
"V1443"	0	0	0	0	0
"V1444"	0	0	0	0	0
"V1445"	0	0	0	0	0
"V1446"	0	0	0	0	0
"V1447"	0	0	0	0	0
"V1448"	0	0	0	0	0
"V1449"	0	0	0	0	0
"V1450"	0	0	0	0	0
"V1451"	0	0	0	0	0
"V1452"	0	0	0	0	0
"V1453"	0	0	0	0	0
"V1454"	0	0	0	0	0
"V1455"	0	0	0	0	0
"V1456"	0	0	0	0	0
"V1457"	0	0	0	0	0
"V1458"	0	0	0	0	0
"V1459"	0	0	0	0	0
"V1460"	0	0	0	0	0
"V1461"	0	0	0	0	0
"V1462"	0	0	0	0	0
"V1463"	0	0	0	0	0
"V1464"	0	0	0	0	0
"V1465"	0	0	0	0	0
"V1466"	0	0	0	0	0
"V1467"	0	0	0	0	0
"V1468"	0	0	0	0	0
"V1469"	0	0	0	0	0
"V1470"	0	0	0	0	0
"V1471"	0	0	0	0	0
"V1472"	0	0	0	0	0
"V1473"	0	0	0	0	0
"V1474"	0	0	0	0	0
"V1475"	0	0	0	0	0
"V1476"	0	0	0	0	0
"V1477"	0	0	0	0	0
"V1478"	0	0	0	0	0
"V1479"	0	0	0	0	0
"V1480"	0	0	0	0	0
"V1481"	0	0	0	0	0
"V1482"	0	0	0	0	0
"V1483"	0	0	0	0	0
"V1484"	0	0	0	0	0
"V1485"	0	0	0	0	0
"V1486"	0	0	0	0	0
"V1487"	0	0	0	0	0
"V1488"	0	0	0	0	0
"V1489"	0	0	0	0	0
"V1490"	0	0	0	0	0
"V1491"	0	0	0	0	0
"V1492"	0	0	0	0	0
"V1493"	0	0	0	0	0
"V1494"	0	0	0	0	0
"V1495"	0	0	0	0	0
"V1496"	0	0	0	0	0
"V1497"	0	0	0	0	0
"V1498"	0	0	0	0	0
"V1499"	0	0	0	0	0
"V1500"	0	0	0	0	0
"V1501"	0	0	0	0	0
"V1502"	0	0	0	0	0
"V1503"	0	0	0	0	0
"V1504"	0	0	0	0	0
"V1505"	0	0	0	0	0
"V1506"	0	0	0	0	0
"V1507"	0	0	0	0	0
"V1508"	0	0	0	0	0
"V1509"	0	0	0	0	0
"V1510"	0	0	0	0	0
"V1511"	0	0	0	0	0
"V1512"	0	0	0	0	0
"V1513"	0	0	0	0	0
"V1514"	0	0	0	0	0
"V1515"	0	0	0	0	0
"V1516"	0	0	0	0	0
"V1517"	0	0	0	0	0
"V1518"	0	0	0	0	0
"V1519"	0	0	0	0	0
"V1520"	0	0	0	0	0
"V1521"	0	0	0	0	0
"V1522"	0	0	0	0	0
"V1523"	0	0	0	0	0
"V1524"	0	0	0	0	0
"V1525"	0	0	0	0	0
"V1526"	0	0	0	0	0
"V1527"	0	0	0	0	0
"V1528"	0	0	0	0	0
"V1529"	0	0	0	0	0
"V1530"	0	0	0	0	0
"V1531"	0	0	0	0	0
"V1532"	0	0	0	0	0
"V1533"	0	0	0	0	0
"V1534"	0	0	0	0	0
"V1535"	0	0	0	0	0
"V1536"	0	0	0	0	0
"V1537"	0	0	0	0	0
"V1538"	0	0	0	0	0
"V1539"	0	0	0	0	0
"V1540"	0	0	0	0	0
"V1541"	0	0	0	0	0
"V1542"	0	0	0	0	0
"V1543"	0	0	0	0	0
"V1544"	0	0	0	0	0
"V1545"	0	0	0	0	0
"V1546"	0	0	0	0	0
"V1547"	0	0	0	0	0
"V1548"	0	0	0	0	0
"V1549"	0	0	0	0	0
"V1550"	0	0	0	0	0
"V1551"	0	0	0	0	0
"V1552"	0	0	0	0	0
"V1553"	0	0	0	0	0
"V1554"	0	0	0	0	0
"V1555"	0	0	0	0	0
"V1556"	0	0	0	0	0
"V1557"	0	0	0	0	0
"V1558"	0	0	0	0	0
"V1559"	0	0	0	0	0
"V1560"	0	0	0	0	0
"V1561"	0	0	0	0	0
"V1562"	0	0	0	0	0
"V1563"	0	0	0	0	0
"V1564"	0	0	0	0	0
"V1565"	0	0	0	0	0
"V1566"	0	0	0	0	0
"V1567"	0	0	0	0	0
"V1568"	0	0	0	0	0
"V1569"	0	0	0	0	0
"V1570"	0	0	0	0	0
"V1571"	0	0	0	0	0
"V1572"	0	0	0	0	0
"V1573"	0	0	0	0	0
"V1574"	0	0	0	0	0
"V1575"	0	0	0	0	0
"V1576"	0	0	0	0	0
"V1577"	0	0	0	0	0
"V1578"	0	0	0	0	0
"V1579"	0	0	0	0	0
"V1580"	0	0	0	0	0
"V1581"	0	0	0	0	0
"V1582"	0	0	0	0	0
"V1583"	0	0	0	0	0
"V1584"	0	0	0	0	0
"V1585"	0	0	0	0	0
"V1586"	0	0	0	0	0
"V1587"	0	0	0	0	0
"V1588"	0	0	0	0	0
"V1589"	0	0	0	0	0
"V1590"	0	0	0	0	0
"V1591"	0	0	0	0	0
"V1592"	0	0	0	0	0
"V1593"	0	0	0	0	0
"V1594"	0	0	0	0	0
"V1595"	0	0	0	0	0
"V1596"	0	0	0	0	0
"V1597"	0	0	0	0	0
"V1598"	0	0	0	0	0
"V1599"	0	0	0	0	0
"V1600"	0	0	0	0	0
"V1601"	0	0	0	0	0
"V1602"	0	0	0	0	0
"V1603"	0	0	0	0	0
"V1604"	0	0	0	0	0
"V1605"	0	0	0	0	0
"V1606"	0	0	0	0	0
"V1607"	0	0	0	0	0
"V1608"	0	0	0	0	0
"V1609"	0	0	0	0	0
"V1610"	0	0	0	0	0
"V1611"	0	0	0	0	0
"V1612"	0	0	0	0	0
"V1613"	0	0	0	0	0
"V1614"	0	0	0	0	0
"V1615"	0	0	0	0	0
"V1616"	0	0	0	0	0
"V1617"	0	0	0	0	0
"V1618"	0	0	0	0	0
"V1619"	0	0	0	0	0
"V1620"	0	0	0	0	0
"V1621"	0	0	0	0	0
"V1622"	0	0	0	0	0
"V1623"	0	0	0	0	0
"V1624"	0	0	0	0	0
"V1625"	0	0	0	0	0
"V1626"	0	0	0	0	0
"V1627"	0	0	0	0	0
"V1628"	0	0	0	0	0
"V1629"	0	0	0	0	0
"V1630"	0	0	0	0	0
"V1631"	0	0	0	0	0
"V1632"	0	0	0	0	0
"V1633"	0	0	0	0	0
"V1634"	0	0	0	0	0
"V1635"	0	0	0	0	0
"V1636"	0	0	0	0	0
"V1637"	0	0	0	0	0
"V1638"	0	0	0	0	0
"V1639"	0	0	0	0	0
"V1640"	0	0	0	0	0
"V1641"	0	0	0	0	0
"V1642"	0	0	0	0	0
"V1643"	0	0	0	0	0
"V1644"	0	0	0	0	0
"V1645"	0	0	0	0	0
"V1646"	0	0	0	0	0
"V1647"	0	0	0	0	0
"V1648"	0	0	0	0	0
"V1649"	0	0	0	0	0
"V1650"	0	0	0	0	0
"V1651"	0	0	0	0	0
"V1652"	0	0	0	0	0
"V1653"	0	0	0	0	0
"V1654"	0	0	0	0	0
"V1655"	0	0	0	0	0
"V1656"	0	0	0	0	0
"V1657"	0	0	0	0	0
"V1658"	0	0	0	0	0
"V1659"	0	0	0	0	0
"V1660"	0	0	0	0	0
"V1661"	0	0	0	0	0
"V1662"	0	0	0	0	0
"V1663"	0	0	0	0	0
"V1664"	0	0	0	0	0
"V1665"	0	0	0	0	0
"V1666"	0	0	0	0	0
"V1667"	0	0	0	0	0
"V1668"	0	0	0	0	0
"V1669"	0	0	0	0	0
"V1670"	0	0	0	0	0
"V1671"	0	0	0	0	0
"V1672"	0	0	0	0	0
"V1673"	0	0	0	0	0
"V1674"	0	0	0	0	0
"V1675"	0	0	0	0	0
"V1676"	0	0	0	0	0
"V1677"	0	0	0	0	0
"V1678"	0	0	0	0	0
"V1679"	0	0	0	0	0
"V1680"	0	0	0	0	0
"V1681"	0	0	0	0	0
"V1682"	0	0	0	0	0
"V1683"	0	0	0	0	0
"V1684"	0	0	0	0	0
"V1685"	0	0	0	0	0
"V1686"	0	0	0	0	0
"V1687"	0	0	0	0	0
"V1688"	0	0	0	0	0
"V1689"	0	0	0	0	0
"V1690"	0	0	0	0	0
"V1691"	0	0	0	0	0
"V1692"	0	0	0	0	0
"V1693"	0	0	0	0	0
"V1694"	0	0	0	0	0
"V1695"	0	0	0	0	0
"V1696"	0	0	0	0	0
"V1697"	0	0	0	0	0
"V1698"	0	0	0	0	0
"V1699"	0	0	0	0	0
"V1700"	0	0	0	0	0
"V1701"	0	0	0	0	0
"V1702"	0	0	0	0	0
"V1703"	0	0	0	0	0
"V1704"	0	0	0	0	0
"V1705"	0	0	0	0	0
"V1706"	0	0	0	0	0
"V1707"	0	0	0	0	0
"V1708"	0	0	0	0	0
